100  4.285440 4.188790 0.768494
200  4.838400 4.188790 0.577793
300  4.608000 4.188790 0.460544
400  4.734720 4.188790 0.404341
500  4.617216 4.188790 0.357172
600  4.377600 4.188790 0.317501
700  4.226194 4.188790 0.288834
800  4.268160 4.188790 0.271524
900  4.208640 4.188790 0.254210
1000  4.174848 4.188790 0.240199
1100  4.109498 4.188790 0.227225
1200  4.124160 4.188790 0.217942
1300  4.168468 4.188790 0.210515
1400  4.176823 4.188790 0.203062
1500  4.220928 4.188790 0.197211
1600  4.199040 4.188790 0.190454
1700  4.212254 4.188790 0.185059
1800  4.147200 4.188790 0.178452
1900  4.067166 4.188790 0.172009
2000  4.091904 4.188790 0.168164
2100  4.127451 4.188790 0.164823
2200  4.134633 4.188790 0.161174
2300  4.159221 4.188790 0.158100
2400  4.152960 4.188790 0.154655
2500  4.163789 4.188790 0.151728
2600  4.173785 4.188790 0.148960
2700  4.162560 4.188790 0.145979
2800  4.206446 4.188790 0.144103
2900  4.233004 4.188790 0.142043
3000  4.253184 4.188790 0.139988
3100  4.218550 4.188790 0.137150
3200  4.199040 4.188790 0.134678
3300  4.218415 4.188790 0.132927
3400  4.240715 4.188790 0.131304
3500  4.257792 4.188790 0.129675
3600  4.247040 4.188790 0.127700
3700  4.229397 4.188790 0.125701
3800  4.198131 4.188790 0.123576
3900  4.203914 4.188790 0.122066
4000  4.202496 4.188790 0.120510
4100  4.231493 4.188790 0.119442
4200  4.239360 4.188790 0.118121
4300  4.269366 4.188790 0.117152
4400  4.279156 4.188790 0.115946
4500  4.267008 4.188790 0.114487
4600  4.249377 4.188790 0.113002
4700  4.261910 4.188790 0.111958
4800  4.276800 4.188790 0.110979
4900  4.274155 4.188790 0.109807
5000  4.274381 4.188790 0.108706
5100  4.290861 4.188790 0.107843
5200  4.301391 4.188790 0.106932
5300  4.264574 4.188790 0.105464
5400  4.264960 4.188790 0.104488
5500  4.272873 4.188790 0.103629
5600  4.258286 4.188790 0.102525
5700  4.266038 4.188790 0.101714
5800  4.261606 4.188790 0.100781
5900  4.271382 4.188790 0.100038
6000  4.273920 4.188790 0.099230
6100  4.246914 4.188790 0.098102
6200  4.243076 4.188790 0.097264
6300  4.252526 4.188790 0.096596
6400  4.248720 4.188790 0.095796
6500  4.245031 4.188790 0.095015
6600  4.237265 4.188790 0.094206
6700  4.213225 4.188790 0.093235
6800  4.216320 4.188790 0.092580
6900  4.233350 4.188790 0.092093
7000  4.245943 4.188790 0.091568
7100  4.254287 4.188790 0.091011
7200  4.248960 4.188790 0.090320
7300  4.239991 4.188790 0.089604
7400  4.238737 4.188790 0.088984
7500  4.244890 4.188790 0.088453
7600  4.234509 4.188790 0.087761
7700  4.233376 4.188790 0.087178
7800  4.219865 4.188790 0.086479
7900  4.215445 4.188790 0.085885
8000  4.218048 4.188790 0.085373
8100  4.234240 4.188790 0.085007
8200  4.239922 4.188790 0.084544
8300  4.238805 4.188790 0.084022
8400  4.252526 4.188790 0.083655
8500  4.251287 4.188790 0.083150
8600  4.251684 4.188790 0.082669
8700  4.252072 4.188790 0.082196
8800  4.261876 4.188790 0.081822
8900  4.260588 4.188790 0.081348
9000  4.257792 4.188790 0.080869
9100  4.262653 4.188790 0.080469
9200  4.264403 4.188790 0.080047
9300  4.267603 4.188790 0.079645
9400  4.267792 4.188790 0.079222
9500  4.272344 4.188790 0.078846
9600  4.266720 4.188790 0.078383
9700  4.274039 4.188790 0.078045
9800  4.264281 4.188790 0.077557
9900  4.263098 4.188790 0.077153
10000  4.256410 4.188790 0.076706
10100  4.260803 4.188790 0.076365
10200  4.266466 4.188790 0.076040
10300  4.259939 4.188790 0.075612
10400  4.265502 4.188790 0.075297
10500  4.267008 4.188790 0.074951
10600  4.275007 4.188790 0.074667
10700  4.271228 4.188790 0.074284
10800  4.261120 4.188790 0.073852
10900  4.261343 4.188790 0.073514
11000  4.254022 4.188790 0.073116
11100  4.250569 4.188790 0.072757
11200  4.247177 4.188790 0.072402
11300  4.247516 4.188790 0.072084
11400  4.249061 4.188790 0.071780
11500  4.245771 4.188790 0.071440
11600  4.236579 4.188790 0.071054
11700  4.227545 4.188790 0.070674
11800  4.224521 4.188790 0.070349
11900  4.226194 4.188790 0.070067
12000  4.217472 4.188790 0.069702
12100  4.219176 4.188790 0.069428
12200  4.220852 4.188790 0.069156
12300  4.219130 4.188790 0.068861
12400  4.219665 4.188790 0.068587
12500  4.224614 4.188790 0.068352
12600  4.222903 4.188790 0.068066
12700  4.219041 4.188790 0.067767
12800  4.223880 4.188790 0.067540
12900  4.229715 4.188790 0.067324
13000  4.237588 4.188790 0.067127
13100  4.237953 4.188790 0.066874
13200  4.238313 4.188790 0.066623
13300  4.243864 4.188790 0.066415
13400  4.239016 4.188790 0.066129
13500  4.246528 4.188790 0.065942
13600  4.246814 4.188790 0.065701
13700  4.245078 4.188790 0.065448
13800  4.241363 4.188790 0.065182
13900  4.240686 4.188790 0.064942
14000  4.241006 4.188790 0.064712
14100  4.234458 4.188790 0.064432
14200  4.230923 4.188790 0.064178
14300  4.233237 4.188790 0.063971
14400  4.222080 4.188790 0.063664
14500  4.215843 4.188790 0.063397
14600  4.217267 4.188790 0.063190
14700  4.209267 4.188790 0.062915
14800  4.213518 4.188790 0.062734
14900  4.215856 4.188790 0.062541
15000  4.217242 4.188790 0.062342
15100  4.212200 4.188790 0.062098
15200  4.215411 4.188790 0.061917
15300  4.221289 4.188790 0.061757
15400  4.217218 4.188790 0.061527
15500  4.218550 4.188790 0.061338
15600  4.217206 4.188790 0.061131
15700  4.212358 4.188790 0.060901
15800  4.211070 4.188790 0.060699
15900  4.208930 4.188790 0.060492
16000  4.208544 4.188790 0.060300
16100  4.204728 4.188790 0.060085
16200  4.201813 4.188790 0.059879
16300  4.201478 4.188790 0.059693
16400  4.198619 4.188790 0.059490
16500  4.207523 4.188790 0.059372
16600  4.201330 4.188790 0.059150
16700  4.204317 4.188790 0.058993
16800  4.205623 4.188790 0.058827
16900  4.206913 4.188790 0.058661
17000  4.213067 4.188790 0.058531
17100  4.220766 4.188790 0.058413
17200  4.217124 4.188790 0.058218
17300  4.216720 4.188790 0.058047
17400  4.208375 4.188790 0.057822
17500  4.207236 4.188790 0.057649
17600  4.210822 4.188790 0.057510
17700  4.213586 4.188790 0.057366
17800  4.214767 4.188790 0.057212
17900  4.217478 4.188790 0.057071
18000  4.214784 4.188790 0.056894
18100  4.212883 4.188790 0.056724
18200  4.208724 4.188790 0.056540
18300  4.205367 4.188790 0.056362
18400  4.208056 4.188790 0.056227
18500  4.209968 4.188790 0.056088
18600  4.216320 4.188790 0.055979
18700  4.222604 4.188790 0.055871
18800  4.215585 4.188790 0.055675
18900  4.215954 4.188790 0.055530
19000  4.219958 4.188790 0.055410
19100  4.213787 4.188790 0.055225
19200  4.217040 4.188790 0.055102
19300  4.215962 4.188790 0.054952
19400  4.211332 4.188790 0.054780
19500  4.204623 4.188790 0.054596
19600  4.210678 4.188790 0.054496
19700  4.210355 4.188790 0.054355
19800  4.209338 4.188790 0.054211
19900  4.211110 4.188790 0.054086
20000  4.212173 4.188790 0.053957
20100  4.207035 4.188790 0.053790
20200  4.203317 4.188790 0.053633
20300  4.206446 4.188790 0.053521
20400  4.206155 4.188790 0.053388
20500  4.205868 4.188790 0.053256
20600  4.210280 4.188790 0.053154
20700  4.207304 4.188790 0.053007
20800  4.205686 4.188790 0.052869
20900  4.198792 4.188790 0.052699
21000  4.199205 4.188790 0.052576
21100  4.202234 4.188790 0.052470
21200  4.203931 4.188790 0.052357
21300  4.204962 4.188790 0.052240
21400  4.200816 4.188790 0.052092
21500  4.197995 4.188790 0.051954
21600  4.194560 4.188790 0.051812
21700  4.192431 4.188790 0.051679
21800  4.195394 4.188790 0.051579
21900  4.198961 4.188790 0.051483
22000  4.200611 4.188790 0.051376
22100  4.204122 4.188790 0.051281
22200  4.207602 4.188790 0.051186
22300  4.207951 4.188790 0.051074
22400  4.208297 4.188790 0.050962
22500  4.211098 4.188790 0.050865
22600  4.205310 4.188790 0.050718
22700  4.203227 4.188790 0.050593
22800  4.204194 4.188790 0.050488
22900  4.203341 4.188790 0.050373
23000  4.201895 4.188790 0.050254
23100  4.203454 4.188790 0.050155
23200  4.209170 4.188790 0.050080
23300  4.210090 4.188790 0.049978
23400  4.208049 4.188790 0.049859
23500  4.206614 4.188790 0.049745
23600  4.204019 4.188790 0.049624
23700  4.205529 4.188790 0.049528
23800  4.205865 4.188790 0.049426
23900  4.203884 4.188790 0.049311
24000  4.203072 4.188790 0.049203
24100  4.201119 4.188790 0.049089
24200  4.201468 4.188790 0.048990
24300  4.200676 4.188790 0.048884
24400  4.197624 4.188790 0.048766
24500  4.196289 4.188790 0.048659
24600  4.196090 4.188790 0.048559
24700  4.199250 4.188790 0.048479
24800  4.194581 4.188790 0.048354
24900  4.191614 4.188790 0.048240
25000  4.193096 4.188790 0.048152
25100  4.195116 4.188790 0.048067
25200  4.197669 4.188790 0.047986
25300  4.198015 4.188790 0.047893
25400  4.199992 4.188790 0.047810
25500  4.198701 4.188790 0.047709
25600  4.202820 4.188790 0.047639
25700  4.200990 4.188790 0.047536
25800  4.198638 4.188790 0.047431
25900  4.196838 4.188790 0.047329
26000  4.199306 4.188790 0.047252
26100  4.195399 4.188790 0.047139
26200  4.191521 4.188790 0.047027
26300  4.193455 4.188790 0.046949
26400  4.199040 4.188790 0.046891
26500  4.200409 4.188790 0.046810
26600  4.203328 4.188790 0.046738
26700  4.203117 4.188790 0.046649
26800  4.210130 4.188790 0.046601
26900  4.209382 4.188790 0.046510
27000  4.210176 4.188790 0.046428
27100  4.211474 4.188790 0.046350
27200  4.209205 4.188790 0.046252
27300  4.210497 4.188790 0.046174
27400  4.214806 4.188790 0.046113
27500  4.215063 4.188790 0.046031
27600  4.218323 4.188790 0.045965
27700  4.215072 4.188790 0.045865
27800  4.212839 4.188790 0.045770
27900  4.215081 4.188790 0.045700
28000  4.210395 4.188790 0.045593
28100  4.209187 4.188790 0.045505
28200  4.208477 4.188790 0.045421
28300  4.211191 4.188790 0.045355
28400  4.211452 4.188790 0.045276
28500  4.212197 4.188790 0.045201
28600  4.210520 4.188790 0.045113
28700  4.211744 4.188790 0.045041
28800  4.211520 4.188790 0.044961
28900  4.210819 4.188790 0.044880
29000  4.212506 4.188790 0.044811
29100  4.212757 4.188790 0.044735
29200  4.214426 4.188790 0.044668
29300  4.210894 4.188790 0.044573
29400  4.210207 4.188790 0.044493
29500  4.207182 4.188790 0.044402
29600  4.206045 4.188790 0.044321
29700  4.204451 4.188790 0.044238
29800  4.204723 4.188790 0.044165
29900  4.206380 4.188790 0.044099
30000  4.206182 4.188790 0.044025
30100  4.200934 4.188790 0.043924
30200  4.203045 4.188790 0.043862
30300  4.202405 4.188790 0.043787
30400  4.199040 4.188790 0.043697
30500  4.197964 4.188790 0.043620
30600  4.198249 4.188790 0.043550
30700  4.197183 4.188790 0.043473
30800  4.197918 4.188790 0.043407
30900  4.200438 4.188790 0.043349
31000  4.202942 4.188790 0.043292
31100  4.203652 4.188790 0.043226
31200  4.204357 4.188790 0.043161
31300  4.207708 4.188790 0.043109
31400  4.206194 4.188790 0.043032
31500  4.204251 4.188790 0.042954
31600  4.200134 4.188790 0.042865
31700  4.199967 4.188790 0.042796
31800  4.198931 4.188790 0.042724
31900  4.200069 4.188790 0.042663
32000  4.198608 4.188790 0.042589
32100  4.198448 4.188790 0.042521
32200  4.197001 4.188790 0.042448
32300  4.198131 4.188790 0.042388
32400  4.197973 4.188790 0.042322
32500  4.197392 4.188790 0.042254
32600  4.194269 4.188790 0.042173
32700  4.195394 4.188790 0.042114
32800  4.195247 4.188790 0.042049
32900  4.196782 4.188790 0.041993
33000  4.193699 4.188790 0.041914
33100  4.196064 4.188790 0.041862
33200  4.194668 4.188790 0.041792
33300  4.199092 4.188790 0.041751
33400  4.198523 4.188790 0.041686
33500  4.196306 4.188790 0.041613
33600  4.196160 4.188790 0.041550
33700  4.196425 4.188790 0.041490
33800  4.198324 4.188790 0.041438
33900  4.198581 4.188790 0.041378
34000  4.198837 4.188790 0.041318
34100  4.201928 4.188790 0.041273
34200  4.202173 4.188790 0.041213
34300  4.201206 4.188790 0.041149
34400  4.203059 4.188790 0.041098
34500  4.200893 4.188790 0.041028
34600  4.201937 4.188790 0.040973
34700  4.201381 4.188790 0.040912
34800  4.202814 4.188790 0.040860
34900  4.201466 4.188790 0.040795
35000  4.201311 4.188790 0.040736
35100  4.202338 4.188790 0.040682
35200  4.201396 4.188790 0.040620
35300  4.198502 4.188790 0.040549
35400  4.198747 4.188790 0.040492
35500  4.200549 4.188790 0.040444
35600  4.200399 4.188790 0.040386
35700  4.201412 4.188790 0.040335
35800  4.201646 4.188790 0.040279
35900  4.202650 4.188790 0.040228
36000  4.202112 4.188790 0.040170
36100  4.202726 4.188790 0.040117
36200  4.202190 4.188790 0.040059
36300  4.202801 4.188790 0.040007
36400  4.201129 4.188790 0.039944
36500  4.202496 4.188790 0.039895
36600  4.201212 4.188790 0.039835
36700  4.200688 4.188790 0.039778
36800  4.199791 4.188790 0.039720
36900  4.204519 4.188790 0.039688
37000  4.205485 4.188790 0.039639
37100  4.205700 4.188790 0.039587
37200  4.204057 4.188790 0.039526
37300  4.204646 4.188790 0.039475
37400  4.204862 4.188790 0.039423
37500  4.203233 4.188790 0.039363
37600  4.204923 4.188790 0.039319
37700  4.205503 4.188790 0.039269
37800  4.204617 4.188790 0.039213
37900  4.203736 4.188790 0.039157
38000  4.201768 4.188790 0.039097
38100  4.202351 4.188790 0.039048
38200  4.204016 4.188790 0.039005
38300  4.203868 4.188790 0.038953
38400  4.203720 4.188790 0.038902
38500  4.205369 4.188790 0.038859
38600  4.204860 4.188790 0.038806
38700  4.207926 4.188790 0.038770
38800  4.207413 4.188790 0.038717
38900  4.205481 4.188790 0.038659
39000  4.204268 4.188790 0.038604
39100  4.204476 4.188790 0.038555
39200  4.204330 4.188790 0.038505
39300  4.203129 4.188790 0.038451
39400  4.202987 4.188790 0.038401
39500  4.204246 4.188790 0.038358
39600  4.206196 4.188790 0.038319
39700  4.204307 4.188790 0.038262
39800  4.202427 4.188790 0.038205
39900  4.201249 4.188790 0.038152
40000  4.201114 4.188790 0.038104
40100  4.203048 4.188790 0.038065
40200  4.203596 4.188790 0.038020
40300  4.199340 4.188790 0.037954
40400  4.198527 4.188790 0.037903
40500  4.198400 4.188790 0.037856
40600  4.199636 4.188790 0.037814
40700  4.201205 4.188790 0.037775
40800  4.200734 4.188790 0.037727
40900  4.201617 4.188790 0.037684
41000  4.198450 4.188790 0.037624
41100  4.197989 4.188790 0.037576
41200  4.197866 4.188790 0.037530
41300  4.196739 4.188790 0.037480
41400  4.192278 4.188790 0.037415
41500  4.193502 4.188790 0.037375
41600  4.193391 4.188790 0.037329
41700  4.194606 4.188790 0.037290
41800  4.193500 4.188790 0.037240
41900  4.191410 4.188790 0.037187
42000  4.193938 4.188790 0.037154
42100  4.194484 4.188790 0.037112
42200  4.195355 4.188790 0.037072
42300  4.195241 4.188790 0.037027
42400  4.193823 4.188790 0.036977
42500  4.193063 4.188790 0.036931
42600  4.194578 4.188790 0.036894
42700  4.190906 4.188790 0.036835
42800  4.192096 4.188790 0.036797
42900  4.195536 4.188790 0.036769
43000  4.196388 4.188790 0.036730
43100  4.197877 4.188790 0.036694
43200  4.199680 4.188790 0.036659
43300  4.198920 4.188790 0.036613
43400  4.200394 4.188790 0.036578
43500  4.199318 4.188790 0.036531
43600  4.200467 4.188790 0.036494
43700  4.200029 4.188790 0.036450
43800  4.197383 4.188790 0.036397
43900  4.198213 4.188790 0.036359
44000  4.199668 4.188790 0.036324
44100  4.197982 4.188790 0.036276
44200  4.196616 4.188790 0.036229
44300  4.194632 4.188790 0.036179
44400  4.196082 4.188790 0.036145
44500  4.197836 4.188790 0.036112
44600  4.198343 4.188790 0.036073
44700  4.199156 4.188790 0.036037
44800  4.200274 4.188790 0.036001
44900  4.200772 4.188790 0.035963
45000  4.201882 4.188790 0.035928
45100  4.200534 4.188790 0.035882
45200  4.199193 4.188790 0.035837
45300  4.200604 4.188790 0.035803
45400  4.201095 4.188790 0.035766
45500  4.200977 4.188790 0.035726
45600  4.202072 4.188790 0.035691
45700  4.201347 4.188790 0.035649
45800  4.201832 4.188790 0.035612
45900  4.201713 4.188790 0.035573
46000  4.203097 4.188790 0.035540
46100  4.204475 4.188790 0.035508
46200  4.203753 4.188790 0.035466
46300  4.204825 4.188790 0.035432
46400  4.205594 4.188790 0.035397
46500  4.206658 4.188790 0.035364
46600  4.210090 4.188790 0.035340
46700  4.212620 4.188790 0.035313
46800  4.213071 4.188790 0.035277
46900  4.212046 4.188790 0.035235
47000  4.211026 4.188790 0.035193
47100  4.211184 4.188790 0.035157
47200  4.211927 4.188790 0.035122
47300  4.212667 4.188790 0.035088
47400  4.213112 4.188790 0.035053
47500  4.211809 4.188790 0.035011
47600  4.212545 4.188790 0.034977
47700  4.212987 4.188790 0.034942
47800  4.214006 4.188790 0.034910
47900  4.217042 4.188790 0.034886
48000  4.214880 4.188790 0.034841
48100  4.214452 4.188790 0.034803
48200  4.216033 4.188790 0.034773
48300  4.216177 4.188790 0.034738
48400  4.214321 4.188790 0.034694
48500  4.214467 4.188790 0.034659
48600  4.212053 4.188790 0.034613
48700  4.212772 4.188790 0.034581
48800  4.214054 4.188790 0.034551
48900  4.214200 4.188790 0.034516
49000  4.213781 4.188790 0.034479
49100  4.213082 4.188790 0.034441
49200  4.212105 4.188790 0.034402
49300  4.210852 4.188790 0.034362
49400  4.210443 4.188790 0.034325
49500  4.208640 4.188790 0.034283
49600  4.206565 4.188790 0.034240
49700  4.206446 4.188790 0.034205
49800  4.206327 4.188790 0.034171
49900  4.207870 4.188790 0.034143
50000  4.208302 4.188790 0.034110
50100  4.207628 4.188790 0.034073
50200  4.208609 4.188790 0.034043
50300  4.211510 4.188790 0.034021
50400  4.212206 4.188790 0.033990
50500  4.213993 4.188790 0.033964
50600  4.212768 4.188790 0.033925
50700  4.212639 4.188790 0.033891
50800  4.212510 4.188790 0.033857
50900  4.212382 4.188790 0.033824
51000  4.214152 4.188790 0.033798
51100  4.213209 4.188790 0.033761
51200  4.216590 4.188790 0.033741
51300  4.217533 4.188790 0.033712
51400  4.217396 4.188790 0.033679
51500  4.218065 4.188790 0.033649
51600  4.220071 4.188790 0.033624
51700  4.219930 4.188790 0.033591
51800  4.222191 4.188790 0.033568
51900  4.223645 4.188790 0.033541
52000  4.221903 4.188790 0.033502
52100  4.221759 4.188790 0.033469
52200  4.221087 4.188790 0.033434
52300  4.222532 4.188790 0.033408
52400  4.223971 4.188790 0.033382
52500  4.226194 4.188790 0.033359
52600  4.226044 4.188790 0.033327
52700  4.224583 4.188790 0.033289
52800  4.223127 4.188790 0.033252
52900  4.224552 4.188790 0.033226
53000  4.225449 4.188790 0.033198
53100  4.225302 4.188790 0.033166
53200  4.224895 4.188790 0.033134
53300  4.224231 4.188790 0.033100
53400  4.223827 4.188790 0.033067
53500  4.223684 4.188790 0.033036
53600  4.222252 4.188790 0.032999
53700  4.222370 4.188790 0.032969
53800  4.223258 4.188790 0.032942
53900  4.222604 4.188790 0.032909
54000  4.221952 4.188790 0.032876
54100  4.221814 4.188790 0.032845
54200  4.221166 4.188790 0.032812
54300  4.221539 4.188790 0.032783
54400  4.221402 4.188790 0.032753
54500  4.220252 4.188790 0.032718
54600  4.219865 4.188790 0.032687
54700  4.218974 4.188790 0.032653
54800  4.217581 4.188790 0.032618
54900  4.216950 4.188790 0.032586
55000  4.215817 4.188790 0.032552
55100  4.215944 4.188790 0.032523
55200  4.215819 4.188790 0.032493
55300  4.215195 4.188790 0.032461
55400  4.215072 4.188790 0.032431
55500  4.214950 4.188790 0.032402
55600  4.215325 4.188790 0.032374
55700  4.213962 4.188790 0.032340
55800  4.213595 4.188790 0.032309
55900  4.215454 4.188790 0.032287
56000  4.215086 4.188790 0.032257
56100  4.216197 4.188790 0.032233
56200  4.214598 4.188790 0.032198
56300  4.212269 4.188790 0.032160
56400  4.211663 4.188790 0.032129
56500  4.212038 4.188790 0.032102
56600  4.209726 4.188790 0.032065
56700  4.209371 4.188790 0.032036
56800  4.211452 4.188790 0.032015
56900  4.211097 4.188790 0.031986
57000  4.210742 4.188790 0.031956
57100  4.210873 4.188790 0.031929
57200  4.211970 4.188790 0.031905
57300  4.211615 4.188790 0.031876
57400  4.212467 4.188790 0.031851
57500  4.213796 4.188790 0.031829
57600  4.213680 4.188790 0.031801
57700  4.212606 4.188790 0.031769
57800  4.211776 4.188790 0.031738
57900  4.213097 4.188790 0.031716
58000  4.213460 4.188790 0.031690
58100  4.212394 4.188790 0.031659
58200  4.211094 4.188790 0.031627
58300  4.208851 4.188790 0.031591
58400  4.209455 4.188790 0.031566
58500  4.209585 4.188790 0.031540
58600  4.208535 4.188790 0.031509
58700  4.208902 4.188790 0.031483
58800  4.207856 4.188790 0.031453
58900  4.208457 4.188790 0.031428
59000  4.209057 4.188790 0.031404
59100  4.209186 4.188790 0.031378
59200  4.210949 4.188790 0.031358
59300  4.212474 4.188790 0.031337
59400  4.213062 4.188790 0.031313
59500  4.212254 4.188790 0.031283
59600  4.213537 4.188790 0.031262
59700  4.215278 4.188790 0.031242
59800  4.216782 4.188790 0.031222
59900  4.216205 4.188790 0.031193
60000  4.216090 4.188790 0.031167
60100  4.214135 4.188790 0.031134
60200  4.214024 4.188790 0.031108
60300  4.214830 4.188790 0.031085
60400  4.213345 4.188790 0.031054
60500  4.212321 4.188790 0.031024
60600  4.214039 4.188790 0.031005
60700  4.215295 4.188790 0.030984
60800  4.214274 4.188790 0.030955
60900  4.213710 4.188790 0.030927
61000  4.213827 4.188790 0.030902
61100  4.213039 4.188790 0.030874
61200  4.212706 4.188790 0.030848
61300  4.212374 4.188790 0.030821
61400  4.213168 4.188790 0.030799
61500  4.212611 4.188790 0.030772
61600  4.213403 4.188790 0.030750
61700  4.211279 4.188790 0.030717
61800  4.211623 4.188790 0.030693
61900  4.211295 4.188790 0.030667
62000  4.210969 4.188790 0.030642
62100  4.210198 4.188790 0.030614
62200  4.210541 4.188790 0.030591
62300  4.211327 4.188790 0.030569
62400  4.211225 4.188790 0.030544
62500  4.211122 4.188790 0.030519
62600  4.212124 4.188790 0.030499
62700  4.211800 4.188790 0.030473
62800  4.210597 4.188790 0.030444
62900  4.210276 4.188790 0.030419
63000  4.210615 4.188790 0.030396
63100  4.210076 4.188790 0.030370
63200  4.209977 4.188790 0.030346
63300  4.210096 4.188790 0.030322
63400  4.209779 4.188790 0.030297
63500  4.208592 4.188790 0.030269
63600  4.208930 4.188790 0.030246
63700  4.207965 4.188790 0.030219
63800  4.207653 4.188790 0.030194
63900  4.207991 4.188790 0.030172
64000  4.207680 4.188790 0.030147
64100  4.209742 4.188790 0.030131
64200  4.209430 4.188790 0.030106
64300  4.209978 4.188790 0.030085
64400  4.208592 4.188790 0.030057
64500  4.209354 4.188790 0.030036
64600  4.209686 4.188790 0.030014
64700  4.209803 4.188790 0.029991
64800  4.210133 4.188790 0.029969
64900  4.211740 4.188790 0.029952
65000  4.211216 4.188790 0.029927
65100  4.211330 4.188790 0.029904
65200  4.211867 4.188790 0.029883
65300  4.210710 4.188790 0.029856
65400  4.209979 4.188790 0.029831
65500  4.210094 4.188790 0.029809
65600  4.210420 4.188790 0.029787
65700  4.210744 4.188790 0.029765
65800  4.209177 4.188790 0.029737
65900  4.209922 4.188790 0.029717
66000  4.208151 4.188790 0.029689
66100  4.207432 4.188790 0.029664
66200  4.206297 4.188790 0.029637
66300  4.207875 4.188790 0.029620
66400  4.207368 4.188790 0.029596
66500  4.206654 4.188790 0.029572
66600  4.206564 4.188790 0.029549
66700  4.207926 4.188790 0.029532
66800  4.208456 4.188790 0.029511
66900  4.208571 4.188790 0.029490
67000  4.206004 4.188790 0.029459
67100  4.206534 4.188790 0.029439
67200  4.206446 4.188790 0.029416
67300  4.207385 4.188790 0.029398
67400  4.206885 4.188790 0.029374
67500  4.207616 4.188790 0.029355
67600  4.208345 4.188790 0.029336
67700  4.207029 4.188790 0.029310
67800  4.207756 4.188790 0.029290
67900  4.209500 4.188790 0.029275
68000  4.209001 4.188790 0.029252
68100  4.208708 4.188790 0.029229
68200  4.209023 4.188790 0.029209
68300  4.209540 4.188790 0.029189
68400  4.210459 4.188790 0.029171
68500  4.211779 4.188790 0.029154
68600  4.211887 4.188790 0.029133
68700  4.210585 4.188790 0.029108
68800  4.211096 4.188790 0.029088
68900  4.210201 4.188790 0.029064
69000  4.212113 4.188790 0.029050
69100  4.211219 4.188790 0.029026
69200  4.212325 4.188790 0.029008
69300  4.212031 4.188790 0.028986
69400  4.210145 4.188790 0.028959
69500  4.210651 4.188790 0.028940
69600  4.211553 4.188790 0.028922
69700  4.211461 4.188790 0.028901
69800  4.213349 4.188790 0.028887
69900  4.212464 4.188790 0.028863
70000  4.213555 4.188790 0.028846
70100  4.212672 4.188790 0.028823
70200  4.213366 4.188790 0.028805
70300  4.213469 4.188790 0.028784
70400  4.212196 4.188790 0.028760
70500  4.213281 4.188790 0.028743
70600  4.213187 4.188790 0.028722
70700  4.212703 4.188790 0.028700
70800  4.211829 4.188790 0.028677
70900  4.211543 4.188790 0.028656
71000  4.213205 4.188790 0.028641
71100  4.213695 4.188790 0.028623
71200  4.215738 4.188790 0.028610
71300  4.215641 4.188790 0.028589
71400  4.214771 4.188790 0.028566
71500  4.214483 4.188790 0.028545
71600  4.213810 4.188790 0.028523
71700  4.214103 4.188790 0.028504
71800  4.213817 4.188790 0.028483
71900  4.213917 4.188790 0.028464
72000  4.213824 4.188790 0.028444
72100  4.213540 4.188790 0.028423
72200  4.213065 4.188790 0.028402
72300  4.211444 4.188790 0.028377
72400  4.211356 4.188790 0.028357
72500  4.212030 4.188790 0.028340
72600  4.211179 4.188790 0.028317
72700  4.212232 4.188790 0.028301
72800  4.211763 4.188790 0.028280
72900  4.212433 4.188790 0.028263
73000  4.211018 4.188790 0.028239
73100  4.210174 4.188790 0.028217
73200  4.210843 4.188790 0.028200
73300  4.208493 4.188790 0.028173
73400  4.207656 4.188790 0.028151
73500  4.207010 4.188790 0.028129
73600  4.206929 4.188790 0.028110
73700  4.207973 4.188790 0.028094
73800  4.208453 4.188790 0.028077
73900  4.207996 4.188790 0.028056
74000  4.208474 4.188790 0.028039
74100  4.209511 4.188790 0.028024
74200  4.209427 4.188790 0.028004
74300  4.208040 4.188790 0.027981
74400  4.208145 4.188790 0.027962
74500  4.210475 4.188790 0.027951
74600  4.212058 4.188790 0.027938
74700  4.211971 4.188790 0.027919
74800  4.213548 4.188790 0.027905
74900  4.213275 4.188790 0.027886
75000  4.214108 4.188790 0.027870
75100  4.214203 4.188790 0.027852
75200  4.211540 4.188790 0.027825
75300  4.210170 4.188790 0.027802
75400  4.212470 4.188790 0.027791
75500  4.212017 4.188790 0.027771
75600  4.212663 4.188790 0.027755
75700  4.211115 4.188790 0.027731
75800  4.210302 4.188790 0.027710
75900  4.209490 4.188790 0.027689
76000  4.209772 4.188790 0.027672
76100  4.210598 4.188790 0.027656
76200  4.211240 4.188790 0.027640
76300  4.210613 4.188790 0.027620
76400  4.209987 4.188790 0.027600
76500  4.209544 4.188790 0.027581
76600  4.208379 4.188790 0.027559
76700  4.208480 4.188790 0.027541
76800  4.209120 4.188790 0.027525
76900  4.208860 4.188790 0.027506
77000  4.209498 4.188790 0.027491
77100  4.208162 4.188790 0.027469
77200  4.208620 4.188790 0.027452
77300  4.208541 4.188790 0.027434
77400  4.209354 4.188790 0.027419
77500  4.209096 4.188790 0.027401
77600  4.209551 4.188790 0.027384
77700  4.211249 4.188790 0.027372
77800  4.211700 4.188790 0.027356
77900  4.211262 4.188790 0.027337
78000  4.211180 4.188790 0.027319
78100  4.210213 4.188790 0.027299
78200  4.210310 4.188790 0.027282
78300  4.209876 4.188790 0.027263
78400  4.210854 4.188790 0.027249
78500  4.210597 4.188790 0.027230
78600  4.210164 4.188790 0.027212
78700  4.210260 4.188790 0.027195
78800  4.210004 4.188790 0.027177
78900  4.209925 4.188790 0.027159
79000  4.208796 4.188790 0.027138
79100  4.208543 4.188790 0.027120
79200  4.208465 4.188790 0.027103
79300  4.209957 4.188790 0.027091
79400  4.210749 4.188790 0.027076
79500  4.210843 4.188790 0.027059
79600  4.209547 4.188790 0.027038
79700  4.210163 4.188790 0.027023
79800  4.210430 4.188790 0.027007
79900  4.210005 4.188790 0.026989
80000  4.209062 4.188790 0.026969
80100  4.208295 4.188790 0.026950
80200  4.207874 4.188790 0.026931
80300  4.205905 4.188790 0.026908
80400  4.205488 4.188790 0.026890
80500  4.205931 4.188790 0.026875
80600  4.206544 4.188790 0.026860
80700  4.208183 4.188790 0.026849
80800  4.208279 4.188790 0.026833
80900  4.209058 4.188790 0.026818
81000  4.208469 4.188790 0.026800
81100  4.210269 4.188790 0.026789
81200  4.209510 4.188790 0.026770
81300  4.210454 4.188790 0.026757
81400  4.211735 4.188790 0.026744
81500  4.210977 4.188790 0.026726
81600  4.211068 4.188790 0.026710
81700  4.211498 4.188790 0.026695
81800  4.211757 4.188790 0.026679
81900  4.212522 4.188790 0.026665
82000  4.212948 4.188790 0.026650
82100  4.212531 4.188790 0.026633
82200  4.211779 4.188790 0.026614
82300  4.213213 4.188790 0.026603
82400  4.212797 4.188790 0.026585
82500  4.213388 4.188790 0.026571
82600  4.213642 4.188790 0.026556
82700  4.212559 4.188790 0.026536
82800  4.211979 4.188790 0.026518
82900  4.212234 4.188790 0.026503
83000  4.213655 4.188790 0.026491
83100  4.214074 4.188790 0.026477
83200  4.213495 4.188790 0.026459
83300  4.213914 4.188790 0.026445
83400  4.214331 4.188790 0.026430
83500  4.213919 4.188790 0.026413
83600  4.213509 4.188790 0.026396
83700  4.213595 4.188790 0.026380
83800  4.213186 4.188790 0.026363
83900  4.212777 4.188790 0.026346
84000  4.211547 4.188790 0.026327
84100  4.212950 4.188790 0.026315
84200  4.213529 4.188790 0.026302
84300  4.213122 4.188790 0.026285
84400  4.211898 4.188790 0.026265
84500  4.210185 4.188790 0.026245
84600  4.209947 4.188790 0.026228
84700  4.209873 4.188790 0.026213
84800  4.209799 4.188790 0.026197
84900  4.210051 4.188790 0.026182
85000  4.209489 4.188790 0.026165
85100  4.209416 4.188790 0.026149
85200  4.209343 4.188790 0.026134
85300  4.210405 4.188790 0.026122
85400  4.209198 4.188790 0.026103
85500  4.210419 4.188790 0.026091
85600  4.208730 4.188790 0.026071
85700  4.209464 4.188790 0.026058
85800  4.208103 4.188790 0.026038
85900  4.208354 4.188790 0.026024
86000  4.206997 4.188790 0.026005
86100  4.208051 4.188790 0.025993
86200  4.207660 4.188790 0.025977
86300  4.207430 4.188790 0.025961
86400  4.206880 4.188790 0.025944
86500  4.206811 4.188790 0.025929
86600  4.206104 4.188790 0.025912
86700  4.206355 4.188790 0.025898
86800  4.206286 4.188790 0.025882
86900  4.206855 4.188790 0.025869
87000  4.206627 4.188790 0.025854
87100  4.205289 4.188790 0.025835
87200  4.204747 4.188790 0.025818
87300  4.205315 4.188790 0.025805
87400  4.206039 4.188790 0.025793
87500  4.205972 4.188790 0.025778
87600  4.206062 4.188790 0.025763
87700  4.204577 4.188790 0.025744
87800  4.204196 4.188790 0.025728
87900  4.205390 4.188790 0.025717
88000  4.205638 4.188790 0.025703
88100  4.205101 4.188790 0.025687
88200  4.204565 4.188790 0.025671
88300  4.203874 4.188790 0.025654
88400  4.203497 4.188790 0.025639
88500  4.203433 4.188790 0.025624
88600  4.202902 4.188790 0.025608
88700  4.201125 4.188790 0.025588
88800  4.201375 4.188790 0.025574
88900  4.199759 4.188790 0.025555
89000  4.200787 4.188790 0.025544
89100  4.200572 4.188790 0.025529
89200  4.199892 4.188790 0.025512
89300  4.199369 4.188790 0.025497
89400  4.199465 4.188790 0.025483
89500  4.197708 4.188790 0.025463
89600  4.198731 4.188790 0.025452
89700  4.197903 4.188790 0.025435
89800  4.198925 4.188790 0.025424
89900  4.200097 4.188790 0.025414
90000  4.200038 4.188790 0.025399
90100  4.199673 4.188790 0.025384
90200  4.198695 4.188790 0.025367
90300  4.199097 4.188790 0.025354
90400  4.198734 4.188790 0.025339
90500  4.198830 4.188790 0.025325
90600  4.199383 4.188790 0.025313
90700  4.198716 4.188790 0.025297
90800  4.200486 4.188790 0.025288
90900  4.200580 4.188790 0.025275
91000  4.199002 4.188790 0.025256
91100  4.198793 4.188790 0.025242
91200  4.199495 4.188790 0.025230
91300  4.199892 4.188790 0.025217
91400  4.200590 4.188790 0.025206
91500  4.200381 4.188790 0.025191
91600  4.200625 4.188790 0.025178
91700  4.200717 4.188790 0.025165
91800  4.201562 4.188790 0.025154
91900  4.201202 4.188790 0.025139
92000  4.201594 4.188790 0.025126
92100  4.201685 4.188790 0.025113
92200  4.202076 4.188790 0.025101
92300  4.202466 4.188790 0.025088
92400  4.203005 4.188790 0.025076
92500  4.201898 4.188790 0.025059
92600  4.201839 4.188790 0.025046
92700  4.203271 4.188790 0.025036
92800  4.202764 4.188790 0.025021
92900  4.202853 4.188790 0.025008
93000  4.204280 4.188790 0.024999
93100  4.204070 4.188790 0.024985
93200  4.203861 4.188790 0.024971
93300  4.203948 4.188790 0.024958
93400  4.203739 4.188790 0.024944
93500  4.203235 4.188790 0.024929
93600  4.203323 4.188790 0.024916
93700  4.204001 4.188790 0.024904
93800  4.204235 4.188790 0.024892
93900  4.205058 4.188790 0.024881
94000  4.204702 4.188790 0.024867
94100  4.205082 4.188790 0.024855
94200  4.205607 4.188790 0.024843
94300  4.205105 4.188790 0.024828
94400  4.205337 4.188790 0.024816
94500  4.204983 4.188790 0.024802
94600  4.204630 4.188790 0.024788
94700  4.204423 4.188790 0.024774
94800  4.204946 4.188790 0.024762
94900  4.205905 4.188790 0.024752
95000  4.206861 4.188790 0.024742
95100  4.207235 4.188790 0.024730
95200  4.207462 4.188790 0.024718
95300  4.206384 4.188790 0.024702
95400  4.206322 4.188790 0.024688
95500  4.206549 4.188790 0.024676
95600  4.206053 4.188790 0.024662
95700  4.204403 4.188790 0.024644
95800  4.204487 4.188790 0.024631
95900  4.203419 4.188790 0.024615
96000  4.204224 4.188790 0.024605
96100  4.203877 4.188790 0.024591
96200  4.205255 4.188790 0.024582
96300  4.205625 4.188790 0.024571
96400  4.205135 4.188790 0.024557
96500  4.205791 4.188790 0.024546
96600  4.205444 4.188790 0.024532
96700  4.205527 4.188790 0.024520
96800  4.205752 4.188790 0.024508
96900  4.205406 4.188790 0.024494
97000  4.205774 4.188790 0.024482
97100  4.205571 4.188790 0.024469
97200  4.206080 4.188790 0.024458
97300  4.206304 4.188790 0.024446
97400  4.206385 4.188790 0.024434
97500  4.206324 4.188790 0.024421
97600  4.206122 4.188790 0.024408
97700  4.206911 4.188790 0.024398
97800  4.206708 4.188790 0.024385
97900  4.206365 4.188790 0.024371
98000  4.205881 4.188790 0.024357
98100  4.205540 4.188790 0.024344
98200  4.205621 4.188790 0.024332
98300  4.206968 4.188790 0.024323
98400  4.207891 4.188790 0.024314
98500  4.207408 4.188790 0.024300
98600  4.207908 4.188790 0.024289
98700  4.206446 4.188790 0.024273
98800  4.205966 4.188790 0.024259
98900  4.206046 4.188790 0.024247
99000  4.206266 4.188790 0.024235
99100  4.205928 4.188790 0.024222
99200  4.205311 4.188790 0.024208
99300  4.205252 4.188790 0.024196
99400  4.205472 4.188790 0.024184
99500  4.205553 4.188790 0.024172
99600  4.206882 4.188790 0.024164
99700  4.207099 4.188790 0.024152
99800  4.206208 4.188790 0.024138
99900  4.206011 4.188790 0.024125
100000  4.206367 4.188790 0.024114
