100 1.836596 1.675516 0.370343
200 1.905230 1.675516 0.268199
300 1.898158 1.675516 0.222037
400 1.985315 1.675516 0.199123
500 1.847472 1.675516 0.169199
600 1.764363 1.675516 0.151551
700 1.662579 1.675516 0.135839
800 1.675922 1.675516 0.128014
900 1.644867 1.675516 0.119123
1000 1.609234 1.675516 0.111345
1100 1.541607 1.675516 0.103207
1200 1.555951 1.675516 0.099637
1300 1.557821 1.675516 0.095482
1400 1.553780 1.675516 0.091822
1500 1.590503 1.675516 0.090141
1600 1.618849 1.675516 0.088577
1700 1.625060 1.675516 0.086207
1800 1.609686 1.675516 0.083459
1900 1.580878 1.675516 0.080346
2000 1.592608 1.675516 0.078555
2100 1.607451 1.675516 0.076980
2200 1.611515 1.675516 0.075330
2300 1.636749 1.675516 0.074590
2400 1.647390 1.675516 0.073452
2500 1.652309 1.675516 0.072044
2600 1.664736 1.675516 0.071019
2700 1.666890 1.675516 0.069809
2800 1.690735 1.675516 0.069264
2900 1.694770 1.675516 0.067947
3000 1.694020 1.675516 0.066727
3100 1.674837 1.675516 0.065246
3200 1.666595 1.675516 0.064018
3300 1.669029 1.675516 0.063025
3400 1.676646 1.675516 0.062299
3500 1.678977 1.675516 0.061419
3600 1.677810 1.675516 0.060565
3700 1.666987 1.675516 0.059583
3800 1.657433 1.675516 0.058630
3900 1.657644 1.675516 0.057837
4000 1.661302 1.675516 0.057153
4100 1.675054 1.675516 0.056698
4200 1.687597 1.675516 0.056363
4300 1.700838 1.675516 0.055900
4400 1.704203 1.675516 0.055328
4500 1.702135 1.675516 0.054711
4600 1.691984 1.675516 0.053898
4700 1.697750 1.675516 0.053435
4800 1.703675 1.675516 0.053021
4900 1.699961 1.675516 0.052354
5000 1.695004 1.675516 0.051699
5100 1.708572 1.675516 0.051415
5200 1.713024 1.675516 0.050964
5300 1.694611 1.675516 0.050184
5400 1.695274 1.675516 0.049730
5500 1.701521 1.675516 0.049395
5600 1.695309 1.675516 0.048874
5700 1.696791 1.675516 0.048478
5800 1.687309 1.675516 0.047841
5900 1.691610 1.675516 0.047527
6000 1.693563 1.675516 0.047143
6100 1.685093 1.675516 0.046696
6200 1.680650 1.675516 0.046234
6300 1.684637 1.675516 0.045928
6400 1.680357 1.675516 0.045458
6500 1.679521 1.675516 0.045072
6600 1.676683 1.675516 0.044695
6700 1.666522 1.675516 0.044198
6800 1.670660 1.675516 0.043943
6900 1.676544 1.675516 0.043702
7000 1.680083 1.675516 0.043412
7100 1.680887 1.675516 0.043100
7200 1.685416 1.675516 0.042901
7300 1.683044 1.675516 0.042583
7400 1.680654 1.675516 0.042231
7500 1.688464 1.675516 0.042092
7600 1.684919 1.675516 0.041768
7700 1.690137 1.675516 0.041610
7800 1.682837 1.675516 0.041232
7900 1.682865 1.675516 0.041018
8000 1.685030 1.675516 0.040801
8100 1.689373 1.675516 0.040574
8200 1.687965 1.675516 0.040298
8300 1.687719 1.675516 0.040064
8400 1.696419 1.675516 0.039929
8500 1.695683 1.675516 0.039669
8600 1.695654 1.675516 0.039444
8700 1.697328 1.675516 0.039258
8800 1.700465 1.675516 0.039075
8900 1.700429 1.675516 0.038880
9000 1.699059 1.675516 0.038655
9100 1.705594 1.675516 0.038537
9200 1.704825 1.675516 0.038329
9300 1.703427 1.675516 0.038112
9400 1.702532 1.675516 0.037909
9500 1.701811 1.675516 0.037671
9600 1.699728 1.675516 0.037455
9700 1.704340 1.675516 0.037321
9800 1.701186 1.675516 0.037093
9900 1.701656 1.675516 0.036901
10000 1.697535 1.675516 0.036671
10100 1.699718 1.675516 0.036514
10200 1.705396 1.675516 0.036411
10300 1.704536 1.675516 0.036233
10400 1.708045 1.675516 0.036108
10500 1.708908 1.675516 0.035931
10600 1.715550 1.675516 0.035854
10700 1.716692 1.675516 0.035721
10800 1.713644 1.675516 0.035526
10900 1.715062 1.675516 0.035388
11000 1.710085 1.675516 0.035166
11100 1.707562 1.675516 0.034975
11200 1.707970 1.675516 0.034830
11300 1.708014 1.675516 0.034672
11400 1.709107 1.675516 0.034523
11500 1.705299 1.675516 0.034313
11600 1.700164 1.675516 0.034102
11700 1.697756 1.675516 0.033938
11800 1.698923 1.675516 0.033822
11900 1.698424 1.675516 0.033673
12000 1.694735 1.675516 0.033491
12100 1.692705 1.675516 0.033317
12200 1.697068 1.675516 0.033253
12300 1.694059 1.675516 0.033071
12400 1.693206 1.675516 0.032917
12500 1.697130 1.675516 0.032849
12600 1.695648 1.675516 0.032699
12700 1.693050 1.675516 0.032529
12800 1.693426 1.675516 0.032394
12900 1.693919 1.675516 0.032271
13000 1.697416 1.675516 0.032189
13100 1.697955 1.675516 0.032067
13200 1.696840 1.675516 0.031932
13300 1.702837 1.675516 0.031900
13400 1.700370 1.675516 0.031751
13500 1.702608 1.675516 0.031647
13600 1.701937 1.675516 0.031511
13700 1.704055 1.675516 0.031438
13800 1.701234 1.675516 0.031285
13900 1.699722 1.675516 0.031154
14000 1.701105 1.675516 0.031053
14100 1.696070 1.675516 0.030884
14200 1.696918 1.675516 0.030797
14300 1.699830 1.675516 0.030719
14400 1.694789 1.675516 0.030563
14500 1.691308 1.675516 0.030423
14600 1.691171 1.675516 0.030309
14700 1.686816 1.675516 0.030165
14800 1.690420 1.675516 0.030106
14900 1.688728 1.675516 0.029983
15000 1.687157 1.675516 0.029866
15100 1.684894 1.675516 0.029746
15200 1.685171 1.675516 0.029645
15300 1.692117 1.675516 0.029628
15400 1.689798 1.675516 0.029505
15500 1.689637 1.675516 0.029405
15600 1.688918 1.675516 0.029309
15700 1.685659 1.675516 0.029183
15800 1.685208 1.675516 0.029084
15900 1.685512 1.675516 0.028998
16000 1.684627 1.675516 0.028901
16100 1.682043 1.675516 0.028784
16200 1.681953 1.675516 0.028699
16300 1.682023 1.675516 0.028611
16400 1.682203 1.675516 0.028531
16500 1.684945 1.675516 0.028469
16600 1.679904 1.675516 0.028330
16700 1.681746 1.675516 0.028258
16800 1.682637 1.675516 0.028185
16900 1.685585 1.675516 0.028135
17000 1.686488 1.675516 0.028055
17100 1.691099 1.675516 0.028015
17200 1.691689 1.675516 0.027949
17300 1.693027 1.675516 0.027883
17400 1.690925 1.675516 0.027795
17500 1.689535 1.675516 0.027700
17600 1.691194 1.675516 0.027633
17700 1.692991 1.675516 0.027571
17800 1.694238 1.675516 0.027512
17900 1.696155 1.675516 0.027454
18000 1.695005 1.675516 0.027370
18100 1.693782 1.675516 0.027279
18200 1.691098 1.675516 0.027173
18300 1.690478 1.675516 0.027096
18400 1.690884 1.675516 0.027021
18500 1.691884 1.675516 0.026954
18600 1.694243 1.675516 0.026896
18700 1.694702 1.675516 0.026822
18800 1.690654 1.675516 0.026716
18900 1.691218 1.675516 0.026649
19000 1.692987 1.675516 0.026593
19100 1.689884 1.675516 0.026494
19200 1.689740 1.675516 0.026418
19300 1.688302 1.675516 0.026335
19400 1.686493 1.675516 0.026251
19500 1.684109 1.675516 0.026165
19600 1.686957 1.675516 0.026116
19700 1.688369 1.675516 0.026070
19800 1.687153 1.675516 0.025995
19900 1.685938 1.675516 0.025915
20000 1.686318 1.675516 0.025850
20100 1.683889 1.675516 0.025765
20200 1.683350 1.675516 0.025699
20300 1.683393 1.675516 0.025633
20400 1.683522 1.675516 0.025566
20500 1.684224 1.675516 0.025510
20600 1.687045 1.675516 0.025471
20700 1.685971 1.675516 0.025404
20800 1.684141 1.675516 0.025321
20900 1.681583 1.675516 0.025240
21000 1.682383 1.675516 0.025180
21100 1.683768 1.675516 0.025132
21200 1.685276 1.675516 0.025081
21300 1.685214 1.675516 0.025025
21400 1.682229 1.675516 0.024938
21500 1.683481 1.675516 0.024901
21600 1.681059 1.675516 0.024822
21700 1.680341 1.675516 0.024755
21800 1.682622 1.675516 0.024723
21900 1.683070 1.675516 0.024672
22000 1.683439 1.675516 0.024617
22100 1.684976 1.675516 0.024567
22200 1.686838 1.675516 0.024526
22300 1.687049 1.675516 0.024468
22400 1.686131 1.675516 0.024403
22500 1.687746 1.675516 0.024360
22600 1.685677 1.675516 0.024289
22700 1.684584 1.675516 0.024226
22800 1.685112 1.675516 0.024178
22900 1.686095 1.675516 0.024136
23000 1.686247 1.675516 0.024082
23100 1.688151 1.675516 0.024054
23200 1.689546 1.675516 0.024010
23300 1.689995 1.675516 0.023960
23400 1.689538 1.675516 0.023907
23500 1.689030 1.675516 0.023849
23600 1.688293 1.675516 0.023795
23700 1.686753 1.675516 0.023726
23800 1.688353 1.675516 0.023693
23900 1.687460 1.675516 0.023637
24000 1.687681 1.675516 0.023590
24100 1.686992 1.675516 0.023537
24200 1.688089 1.675516 0.023502
24300 1.687878 1.675516 0.023450
24400 1.687500 1.675516 0.023404
24500 1.687398 1.675516 0.023355
24600 1.687659 1.675516 0.023315
24700 1.688352 1.675516 0.023268
24800 1.686317 1.675516 0.023205
24900 1.685265 1.675516 0.023150
25000 1.686560 1.675516 0.023118
25100 1.686387 1.675516 0.023066
25200 1.687325 1.675516 0.023025
25300 1.688036 1.675516 0.022987
25400 1.688221 1.675516 0.022938
25500 1.686427 1.675516 0.022875
25600 1.687445 1.675516 0.022836
25700 1.687194 1.675516 0.022792
25800 1.685614 1.675516 0.022736
25900 1.684394 1.675516 0.022679
26000 1.684476 1.675516 0.022633
26100 1.684680 1.675516 0.022599
26200 1.681949 1.675516 0.022532
26300 1.682741 1.675516 0.022491
26400 1.684723 1.675516 0.022462
26500 1.685788 1.675516 0.022424
26600 1.687319 1.675516 0.022394
26700 1.687492 1.675516 0.022352
26800 1.690273 1.675516 0.022331
26900 1.689317 1.675516 0.022282
27000 1.691279 1.675516 0.022256
27100 1.692218 1.675516 0.022221
27200 1.690069 1.675516 0.022160
27300 1.690177 1.675516 0.022121
27400 1.692111 1.675516 0.022093
27500 1.692438 1.675516 0.022056
27600 1.694617 1.675516 0.022035
27700 1.693948 1.675516 0.021993
27800 1.693145 1.675516 0.021947
27900 1.695017 1.675516 0.021925
28000 1.692310 1.675516 0.021865
28100 1.691644 1.675516 0.021819
28200 1.692088 1.675516 0.021782
28300 1.691128 1.675516 0.021732
28400 1.691071 1.675516 0.021692
28500 1.691525 1.675516 0.021662
28600 1.691577 1.675516 0.021625
28700 1.691999 1.675516 0.021589
28800 1.691803 1.675516 0.021550
28900 1.690885 1.675516 0.021503
29000 1.692396 1.675516 0.021477
29100 1.692745 1.675516 0.021443
29200 1.693496 1.675516 0.021411
29300 1.691291 1.675516 0.021357
29400 1.691290 1.675516 0.021323
29500 1.689065 1.675516 0.021271
29600 1.687726 1.675516 0.021223
29700 1.687278 1.675516 0.021187
29800 1.687287 1.675516 0.021152
29900 1.688590 1.675516 0.021128
30000 1.688505 1.675516 0.021090
30100 1.686194 1.675516 0.021044
30200 1.687605 1.675516 0.021023
30300 1.686818 1.675516 0.020982
30400 1.684595 1.675516 0.020931
30500 1.684335 1.675516 0.020893
30600 1.685350 1.675516 0.020870
30700 1.684123 1.675516 0.020826
30800 1.683995 1.675516 0.020791
30900 1.684096 1.675516 0.020754
31000 1.684909 1.675516 0.020721
31100 1.683951 1.675516 0.020681
31200 1.684476 1.675516 0.020652
31300 1.686188 1.675516 0.020627
31400 1.685184 1.675516 0.020584
31500 1.683534 1.675516 0.020541
31600 1.681774 1.675516 0.020496
31700 1.682953 1.675516 0.020477
31800 1.682761 1.675516 0.020442
31900 1.682561 1.675516 0.020407
32000 1.681740 1.675516 0.020368
32100 1.681461 1.675516 0.020330
32200 1.680256 1.675516 0.020291
32300 1.681660 1.675516 0.020270
32400 1.681328 1.675516 0.020234
32500 1.681499 1.675516 0.020208
32600 1.680358 1.675516 0.020170
32700 1.681459 1.675516 0.020150
32800 1.680606 1.675516 0.020114
32900 1.681400 1.675516 0.020088
33000 1.680165 1.675516 0.020051
33100 1.681601 1.675516 0.020033
33200 1.680686 1.675516 0.019996
33300 1.682438 1.675516 0.019979
33400 1.682828 1.675516 0.019953
33500 1.681197 1.675516 0.019909
33600 1.681017 1.675516 0.019877
33700 1.681068 1.675516 0.019848
33800 1.682263 1.675516 0.019827
33900 1.681792 1.675516 0.019793
34000 1.681049 1.675516 0.019756
34100 1.682472 1.675516 0.019735
34200 1.682620 1.675516 0.019708
34300 1.681807 1.675516 0.019673
34400 1.682445 1.675516 0.019648
34500 1.682307 1.675516 0.019620
34600 1.683889 1.675516 0.019605
34700 1.683373 1.675516 0.019576
34800 1.683528 1.675516 0.019546
34900 1.682781 1.675516 0.019513
35000 1.683004 1.675516 0.019487
35100 1.683355 1.675516 0.019462
35200 1.681738 1.675516 0.019422
35300 1.680561 1.675516 0.019386
35400 1.680860 1.675516 0.019362
35500 1.682322 1.675516 0.019348
35600 1.682605 1.675516 0.019324
35700 1.682552 1.675516 0.019296
35800 1.681662 1.675516 0.019262
35900 1.682486 1.675516 0.019238
36000 1.681599 1.675516 0.019204
36100 1.681708 1.675516 0.019177
36200 1.680846 1.675516 0.019142
36300 1.679629 1.675516 0.019105
36400 1.678584 1.675516 0.019071
36500 1.678885 1.675516 0.019046
36600 1.679304 1.675516 0.019026
36700 1.680647 1.675516 0.019011
36800 1.681159 1.675516 0.018991
36900 1.683316 1.675516 0.018978
37000 1.683543 1.675516 0.018953
37100 1.683560 1.675516 0.018928
37200 1.682350 1.675516 0.018892
37300 1.682005 1.675516 0.018863
37400 1.682094 1.675516 0.018837
37500 1.680925 1.675516 0.018804
37600 1.681153 1.675516 0.018777
37700 1.680897 1.675516 0.018751
37800 1.680073 1.675516 0.018720
37900 1.679205 1.675516 0.018692
38000 1.678530 1.675516 0.018664
38100 1.678033 1.675516 0.018637
38200 1.679250 1.675516 0.018623
38300 1.679258 1.675516 0.018600
38400 1.678998 1.675516 0.018573
38500 1.680977 1.675516 0.018563
38600 1.681367 1.675516 0.018544
38700 1.682232 1.675516 0.018525
38800 1.681881 1.675516 0.018497
38900 1.681054 1.675516 0.018469
39000 1.680314 1.675516 0.018442
39100 1.680860 1.675516 0.018423
39200 1.681070 1.675516 0.018400
39300 1.680637 1.675516 0.018376
39400 1.680744 1.675516 0.018352
39500 1.681237 1.675516 0.018331
39600 1.682529 1.675516 0.018317
39700 1.681368 1.675516 0.018286
39800 1.680442 1.675516 0.018257
39900 1.680740 1.675516 0.018238
40000 1.680633 1.675516 0.018217
40100 1.681825 1.675516 0.018202
40200 1.682146 1.675516 0.018182
40300 1.680195 1.675516 0.018148
40400 1.680179 1.675516 0.018125
40500 1.680219 1.675516 0.018105
40600 1.680212 1.675516 0.018080
40700 1.680739 1.675516 0.018058
40800 1.680352 1.675516 0.018035
40900 1.680214 1.675516 0.018011
41000 1.678995 1.675516 0.017982
41100 1.678573 1.675516 0.017958
41200 1.677581 1.675516 0.017927
41300 1.677468 1.675516 0.017906
41400 1.675381 1.675516 0.017872
41500 1.676265 1.675516 0.017856
41600 1.676444 1.675516 0.017834
41700 1.677480 1.675516 0.017818
41800 1.677181 1.675516 0.017796
41900 1.676159 1.675516 0.017769
42000 1.676702 1.675516 0.017749
42100 1.676789 1.675516 0.017729
42200 1.676633 1.675516 0.017705
42300 1.676730 1.675516 0.017685
42400 1.676438 1.675516 0.017663
42500 1.676943 1.675516 0.017647
42600 1.678271 1.675516 0.017636
42700 1.676519 1.675516 0.017605
42800 1.676460 1.675516 0.017582
42900 1.677441 1.675516 0.017566
43000 1.677423 1.675516 0.017544
43100 1.678193 1.675516 0.017528
43200 1.678750 1.675516 0.017509
43300 1.678822 1.675516 0.017490
43400 1.679759 1.675516 0.017475
43500 1.678610 1.675516 0.017446
43600 1.679047 1.675516 0.017426
43700 1.679423 1.675516 0.017409
43800 1.677932 1.675516 0.017379
43900 1.677660 1.675516 0.017358
44000 1.678600 1.675516 0.017343
44100 1.677508 1.675516 0.017318
44200 1.676857 1.675516 0.017294
44300 1.675532 1.675516 0.017267
44400 1.675979 1.675516 0.017248
44500 1.676919 1.675516 0.017235
44600 1.677079 1.675516 0.017218
44700 1.677061 1.675516 0.017197
44800 1.678198 1.675516 0.017186
44900 1.678710 1.675516 0.017170
45000 1.678679 1.675516 0.017148
45100 1.678113 1.675516 0.017126
45200 1.677570 1.675516 0.017105
45300 1.678446 1.675516 0.017092
45400 1.678459 1.675516 0.017072
45500 1.678652 1.675516 0.017055
45600 1.679538 1.675516 0.017043
45700 1.679243 1.675516 0.017022
45800 1.678611 1.675516 0.016999
45900 1.678223 1.675516 0.016977
46000 1.679217 1.675516 0.016962
46100 1.679847 1.675516 0.016948
46200 1.679495 1.675516 0.016926
46300 1.680431 1.675516 0.016915
46400 1.680372 1.675516 0.016896
46500 1.681745 1.675516 0.016887
46600 1.684058 1.675516 0.016885
46700 1.684939 1.675516 0.016870
46800 1.684924 1.675516 0.016851
46900 1.684174 1.675516 0.016829
47000 1.684203 1.675516 0.016812
47100 1.683698 1.675516 0.016788
47200 1.683729 1.675516 0.016769
47300 1.684550 1.675516 0.016757
47400 1.684729 1.675516 0.016738
47500 1.684016 1.675516 0.016717
47600 1.684318 1.675516 0.016700
47700 1.684585 1.675516 0.016684
47800 1.685668 1.675516 0.016674
47900 1.686990 1.675516 0.016665
48000 1.685983 1.675516 0.016641
48100 1.685442 1.675516 0.016620
48200 1.686237 1.675516 0.016607
48300 1.685962 1.675516 0.016587
48400 1.685252 1.675516 0.016568
48500 1.684573 1.675516 0.016546
48600 1.683787 1.675516 0.016527
48700 1.684240 1.675516 0.016513
48800 1.684952 1.675516 0.016500
48900 1.685029 1.675516 0.016483
49000 1.684134 1.675516 0.016460
49100 1.684325 1.675516 0.016444
49200 1.683763 1.675516 0.016424
49300 1.682672 1.675516 0.016400
49400 1.683158 1.675516 0.016388
49500 1.683095 1.675516 0.016374
49600 1.682942 1.675516 0.016359
49700 1.682720 1.675516 0.016341
49800 1.683322 1.675516 0.016328
49900 1.684020 1.675516 0.016317
50000 1.684679 1.675516 0.016306
50100 1.684151 1.675516 0.016288
50200 1.683800 1.675516 0.016268
50300 1.685025 1.675516 0.016258
50400 1.685385 1.675516 0.016243
50500 1.686336 1.675516 0.016231
50600 1.685912 1.675516 0.016212
50700 1.685396 1.675516 0.016192
50800 1.684444 1.675516 0.016169
50900 1.684445 1.675516 0.016154
51000 1.684831 1.675516 0.016140
51100 1.684271 1.675516 0.016122
51200 1.685517 1.675516 0.016111
51300 1.685780 1.675516 0.016094
51400 1.685523 1.675516 0.016076
51500 1.685859 1.675516 0.016064
51600 1.687225 1.675516 0.016056
51700 1.687180 1.675516 0.016041
51800 1.687550 1.675516 0.016028
51900 1.688290 1.675516 0.016014
52000 1.687789 1.675516 0.015996
52100 1.688250 1.675516 0.015984
52200 1.688078 1.675516 0.015966
52300 1.689050 1.675516 0.015955
52400 1.689687 1.675516 0.015943
52500 1.690382 1.675516 0.015930
52600 1.690571 1.675516 0.015915
52700 1.690702 1.675516 0.015903
52800 1.690001 1.675516 0.015885
52900 1.690779 1.675516 0.015873
53000 1.690979 1.675516 0.015860
53100 1.690872 1.675516 0.015844
53200 1.690401 1.675516 0.015824
53300 1.690218 1.675516 0.015808
53400 1.689637 1.675516 0.015789
53500 1.689554 1.675516 0.015773
53600 1.689189 1.675516 0.015757
53700 1.689744 1.675516 0.015745
53800 1.690607 1.675516 0.015735
53900 1.690748 1.675516 0.015722
54000 1.690338 1.675516 0.015705
54100 1.690714 1.675516 0.015693
54200 1.690501 1.675516 0.015679
54300 1.690755 1.675516 0.015667
54400 1.690985 1.675516 0.015654
54500 1.691114 1.675516 0.015642
54600 1.690568 1.675516 0.015625
54700 1.690268 1.675516 0.015609
54800 1.690089 1.675516 0.015596
54900 1.690752 1.675516 0.015589
55000 1.690359 1.675516 0.015573
55100 1.690535 1.675516 0.015559
55200 1.690264 1.675516 0.015543
55300 1.689390 1.675516 0.015524
55400 1.689609 1.675516 0.015512
55500 1.689529 1.675516 0.015498
55600 1.689596 1.675516 0.015485
55700 1.689107 1.675516 0.015469
55800 1.688883 1.675516 0.015453
55900 1.689624 1.675516 0.015443
56000 1.689312 1.675516 0.015427
56100 1.689798 1.675516 0.015417
56200 1.688919 1.675516 0.015398
56300 1.687910 1.675516 0.015380
56400 1.687640 1.675516 0.015364
56500 1.687848 1.675516 0.015353
56600 1.687054 1.675516 0.015336
56700 1.686256 1.675516 0.015317
56800 1.686367 1.675516 0.015303
56900 1.685558 1.675516 0.015285
57000 1.685399 1.675516 0.015270
57100 1.685123 1.675516 0.015255
57200 1.685177 1.675516 0.015240
57300 1.684824 1.675516 0.015224
57400 1.685494 1.675516 0.015214
57500 1.686230 1.675516 0.015204
57600 1.686238 1.675516 0.015191
57700 1.686452 1.675516 0.015181
57800 1.685968 1.675516 0.015166
57900 1.685988 1.675516 0.015152
58000 1.686640 1.675516 0.015143
58100 1.686598 1.675516 0.015130
58200 1.686364 1.675516 0.015116
58300 1.685662 1.675516 0.015101
58400 1.685646 1.675516 0.015089
58500 1.685797 1.675516 0.015077
58600 1.685796 1.675516 0.015065
58700 1.685078 1.675516 0.015048
58800 1.684686 1.675516 0.015033
58900 1.684797 1.675516 0.015020
59000 1.685385 1.675516 0.015011
59100 1.685220 1.675516 0.014996
59200 1.685272 1.675516 0.014981
59300 1.685301 1.675516 0.014967
59400 1.685348 1.675516 0.014954
59500 1.684593 1.675516 0.014937
59600 1.685257 1.675516 0.014927
59700 1.686179 1.675516 0.014918
59800 1.687060 1.675516 0.014910
59900 1.687340 1.675516 0.014900
60000 1.687836 1.675516 0.014892
60100 1.686913 1.675516 0.014875
60200 1.686882 1.675516 0.014863
60300 1.687486 1.675516 0.014854
60400 1.686276 1.675516 0.014835
60500 1.685359 1.675516 0.014817
60600 1.685558 1.675516 0.014804
60700 1.686134 1.675516 0.014795
60800 1.685497 1.675516 0.014780
60900 1.685577 1.675516 0.014769
61000 1.685830 1.675516 0.014759
61100 1.685581 1.675516 0.014746
61200 1.685459 1.675516 0.014733
61300 1.685271 1.675516 0.014719
61400 1.685628 1.675516 0.014708
61500 1.685126 1.675516 0.014694
61600 1.686149 1.675516 0.014687
61700 1.685359 1.675516 0.014672
61800 1.685074 1.675516 0.014658
61900 1.684532 1.675516 0.014642
62000 1.685012 1.675516 0.014633
62100 1.684888 1.675516 0.014620
62200 1.684966 1.675516 0.014609
62300 1.684955 1.675516 0.014597
62400 1.684975 1.675516 0.014585
62500 1.684543 1.675516 0.014569
62600 1.684693 1.675516 0.014558
62700 1.684553 1.675516 0.014547
62800 1.684633 1.675516 0.014537
62900 1.684278 1.675516 0.014522
63000 1.684542 1.675516 0.014512
63100 1.684771 1.675516 0.014501
63200 1.684671 1.675516 0.014490
63300 1.684576 1.675516 0.014478
63400 1.684375 1.675516 0.014465
63500 1.683691 1.675516 0.014450
63600 1.683794 1.675516 0.014440
63700 1.683185 1.675516 0.014427
63800 1.682991 1.675516 0.014415
63900 1.682789 1.675516 0.014402
64000 1.682594 1.675516 0.014390
64100 1.683305 1.675516 0.014381
64200 1.683645 1.675516 0.014372
64300 1.684309 1.675516 0.014364
64400 1.683921 1.675516 0.014351
64500 1.683979 1.675516 0.014340
64600 1.683924 1.675516 0.014329
64700 1.683721 1.675516 0.014316
64800 1.684019 1.675516 0.014306
64900 1.684338 1.675516 0.014294
65000 1.684374 1.675516 0.014285
65100 1.684199 1.675516 0.014272
65200 1.684437 1.675516 0.014263
65300 1.683799 1.675516 0.014248
65400 1.683423 1.675516 0.014234
65500 1.683410 1.675516 0.014223
65600 1.683682 1.675516 0.014215
65700 1.683519 1.675516 0.014204
65800 1.683402 1.675516 0.014194
65900 1.683764 1.675516 0.014186
66000 1.683571 1.675516 0.014175
66100 1.683139 1.675516 0.014162
66200 1.682842 1.675516 0.014150
66300 1.682953 1.675516 0.014139
66400 1.683066 1.675516 0.014129
66500 1.682566 1.675516 0.014116
66600 1.683219 1.675516 0.014109
66700 1.683939 1.675516 0.014101
66800 1.683636 1.675516 0.014088
66900 1.684224 1.675516 0.014081
67000 1.683007 1.675516 0.014065
67100 1.683105 1.675516 0.014055
67200 1.682758 1.675516 0.014043
67300 1.682695 1.675516 0.014031
67400 1.682269 1.675516 0.014018
67500 1.682136 1.675516 0.014007
67600 1.682714 1.675516 0.014000
67700 1.682511 1.675516 0.013988
67800 1.682842 1.675516 0.013979
67900 1.683921 1.675516 0.013975
68000 1.684227 1.675516 0.013967
68100 1.684079 1.675516 0.013957
68200 1.684132 1.675516 0.013947
68300 1.684187 1.675516 0.013936
68400 1.684186 1.675516 0.013925
68500 1.684888 1.675516 0.013919
68600 1.684566 1.675516 0.013907
68700 1.684276 1.675516 0.013897
68800 1.684751 1.675516 0.013890
68900 1.684245 1.675516 0.013877
69000 1.684591 1.675516 0.013867
69100 1.683938 1.675516 0.013854
69200 1.684394 1.675516 0.013846
69300 1.684306 1.675516 0.013837
69400 1.683333 1.675516 0.013822
69500 1.683349 1.675516 0.013813
69600 1.683547 1.675516 0.013804
69700 1.684021 1.675516 0.013797
69800 1.685335 1.675516 0.013793
69900 1.684857 1.675516 0.013782
70000 1.685643 1.675516 0.013777
70100 1.685383 1.675516 0.013766
70200 1.685601 1.675516 0.013756
70300 1.685812 1.675516 0.013747
70400 1.685519 1.675516 0.013737
70500 1.685351 1.675516 0.013725
70600 1.685299 1.675516 0.013715
70700 1.685527 1.675516 0.013707
70800 1.685262 1.675516 0.013696
70900 1.685113 1.675516 0.013686
71000 1.685683 1.675516 0.013679
71100 1.686243 1.675516 0.013673
71200 1.687474 1.675516 0.013669
71300 1.687115 1.675516 0.013658
71400 1.686321 1.675516 0.013645
71500 1.685978 1.675516 0.013633
71600 1.685473 1.675516 0.013622
71700 1.685646 1.675516 0.013613
71800 1.685852 1.675516 0.013605
71900 1.686053 1.675516 0.013596
72000 1.686226 1.675516 0.013588
72100 1.686409 1.675516 0.013579
72200 1.686550 1.675516 0.013571
72300 1.686258 1.675516 0.013561
72400 1.685834 1.675516 0.013549
72500 1.685935 1.675516 0.013539
72600 1.685498 1.675516 0.013528
72700 1.686007 1.675516 0.013521
72800 1.685688 1.675516 0.013510
72900 1.685744 1.675516 0.013500
73000 1.685095 1.675516 0.013488
73100 1.684651 1.675516 0.013477
73200 1.684885 1.675516 0.013468
73300 1.684286 1.675516 0.013458
73400 1.684070 1.675516 0.013449
73500 1.683298 1.675516 0.013436
73600 1.683597 1.675516 0.013429
73700 1.683697 1.675516 0.013420
73800 1.683775 1.675516 0.013412
73900 1.683226 1.675516 0.013400
74000 1.683869 1.675516 0.013394
74100 1.684913 1.675516 0.013391
74200 1.685060 1.675516 0.013383
74300 1.684595 1.675516 0.013373
74400 1.684586 1.675516 0.013363
74500 1.685684 1.675516 0.013358
74600 1.686136 1.675516 0.013351
74700 1.686250 1.675516 0.013343
74800 1.686827 1.675516 0.013337
74900 1.686997 1.675516 0.013329
75000 1.687026 1.675516 0.013319
75100 1.687540 1.675516 0.013313
75200 1.686441 1.675516 0.013299
75300 1.686233 1.675516 0.013290
75400 1.686929 1.675516 0.013284
75500 1.686658 1.675516 0.013273
75600 1.686829 1.675516 0.013265
75700 1.685755 1.675516 0.013251
75800 1.685363 1.675516 0.013241
75900 1.685262 1.675516 0.013232
76000 1.685700 1.675516 0.013225
76100 1.685903 1.675516 0.013218
76200 1.685907 1.675516 0.013207
76300 1.685772 1.675516 0.013198
76400 1.685860 1.675516 0.013191
76500 1.685521 1.675516 0.013181
76600 1.685304 1.675516 0.013172
76700 1.685730 1.675516 0.013166
76800 1.686347 1.675516 0.013160
76900 1.686405 1.675516 0.013152
77000 1.686599 1.675516 0.013143
77100 1.685913 1.675516 0.013132
77200 1.685854 1.675516 0.013123
77300 1.686070 1.675516 0.013115
77400 1.686662 1.675516 0.013109
77500 1.686809 1.675516 0.013102
77600 1.687244 1.675516 0.013097
77700 1.687481 1.675516 0.013089
77800 1.687409 1.675516 0.013080
77900 1.686866 1.675516 0.013069
78000 1.686782 1.675516 0.013060
78100 1.686426 1.675516 0.013051
78200 1.686610 1.675516 0.013044
78300 1.686263 1.675516 0.013034
78400 1.686870 1.675516 0.013028
78500 1.686793 1.675516 0.013020
78600 1.686566 1.675516 0.013009
78700 1.686428 1.675516 0.013000
78800 1.686041 1.675516 0.012990
78900 1.685746 1.675516 0.012980
79000 1.685192 1.675516 0.012969
79100 1.684693 1.675516 0.012958
79200 1.684395 1.675516 0.012949
79300 1.684897 1.675516 0.012944
79400 1.685274 1.675516 0.012937
79500 1.684997 1.675516 0.012927
79600 1.684093 1.675516 0.012915
79700 1.683973 1.675516 0.012906
79800 1.683540 1.675516 0.012895
79900 1.683182 1.675516 0.012885
80000 1.682985 1.675516 0.012876
80100 1.682577 1.675516 0.012867
80200 1.682212 1.675516 0.012857
80300 1.681217 1.675516 0.012844
80400 1.681274 1.675516 0.012837
80500 1.682076 1.675516 0.012834
80600 1.681879 1.675516 0.012824
80700 1.682506 1.675516 0.012818
80800 1.682681 1.675516 0.012811
80900 1.683596 1.675516 0.012808
81000 1.683151 1.675516 0.012798
81100 1.684404 1.675516 0.012796
81200 1.684114 1.675516 0.012787
81300 1.684977 1.675516 0.012782
81400 1.685531 1.675516 0.012777
81500 1.685206 1.675516 0.012767
81600 1.685247 1.675516 0.012760
81700 1.685386 1.675516 0.012752
81800 1.685432 1.675516 0.012745
81900 1.686170 1.675516 0.012742
82000 1.686440 1.675516 0.012735
82100 1.686412 1.675516 0.012728
82200 1.685975 1.675516 0.012718
82300 1.686411 1.675516 0.012712
82400 1.686090 1.675516 0.012703
82500 1.686076 1.675516 0.012695
82600 1.686169 1.675516 0.012688
82700 1.685541 1.675516 0.012678
82800 1.685195 1.675516 0.012668
82900 1.685167 1.675516 0.012660
83000 1.685208 1.675516 0.012652
83100 1.685288 1.675516 0.012643
83200 1.685022 1.675516 0.012634
83300 1.685232 1.675516 0.012627
83400 1.685649 1.675516 0.012622
83500 1.685637 1.675516 0.012614
83600 1.685631 1.675516 0.012607
83700 1.685285 1.675516 0.012598
83800 1.685051 1.675516 0.012589
83900 1.685014 1.675516 0.012582
84000 1.684255 1.675516 0.012571
84100 1.684418 1.675516 0.012563
84200 1.684396 1.675516 0.012554
84300 1.683902 1.675516 0.012545
84400 1.683355 1.675516 0.012535
84500 1.682779 1.675516 0.012526
84600 1.682856 1.675516 0.012519
84700 1.682892 1.675516 0.012511
84800 1.683088 1.675516 0.012506
84900 1.683515 1.675516 0.012500
85000 1.683192 1.675516 0.012492
85100 1.683297 1.675516 0.012485
85200 1.683306 1.675516 0.012478
85300 1.683855 1.675516 0.012473
85400 1.683477 1.675516 0.012464
85500 1.683839 1.675516 0.012459
85600 1.683240 1.675516 0.012449
85700 1.683250 1.675516 0.012441
85800 1.682652 1.675516 0.012432
85900 1.682474 1.675516 0.012423
86000 1.681896 1.675516 0.012413
86100 1.681819 1.675516 0.012405
86200 1.681769 1.675516 0.012398
86300 1.681877 1.675516 0.012392
86400 1.682130 1.675516 0.012387
86500 1.682152 1.675516 0.012380
86600 1.681589 1.675516 0.012371
86700 1.681430 1.675516 0.012363
86800 1.681565 1.675516 0.012358
86900 1.681856 1.675516 0.012352
87000 1.682139 1.675516 0.012347
87100 1.681518 1.675516 0.012337
87200 1.681375 1.675516 0.012329
87300 1.681770 1.675516 0.012324
87400 1.682072 1.675516 0.012319
87500 1.681947 1.675516 0.012311
87600 1.682149 1.675516 0.012305
87700 1.681595 1.675516 0.012296
87800 1.681072 1.675516 0.012287
87900 1.681741 1.675516 0.012282
88000 1.682175 1.675516 0.012278
88100 1.682099 1.675516 0.012272
88200 1.681446 1.675516 0.012262
88300 1.681361 1.675516 0.012255
88400 1.681144 1.675516 0.012247
88500 1.681006 1.675516 0.012239
88600 1.680767 1.675516 0.012231
88700 1.679873 1.675516 0.012221
88800 1.680049 1.675516 0.012215
88900 1.679559 1.675516 0.012207
89000 1.679789 1.675516 0.012200
89100 1.679490 1.675516 0.012191
89200 1.679372 1.675516 0.012185
89300 1.678700 1.675516 0.012175
89400 1.678641 1.675516 0.012168
89500 1.677886 1.675516 0.012158
89600 1.678605 1.675516 0.012154
89700 1.678331 1.675516 0.012147
89800 1.678766 1.675516 0.012142
89900 1.679297 1.675516 0.012138
90000 1.679529 1.675516 0.012132
90100 1.679473 1.675516 0.012125
90200 1.678825 1.675516 0.012116
90300 1.678907 1.675516 0.012109
90400 1.678789 1.675516 0.012102
90500 1.678983 1.675516 0.012096
90600 1.679064 1.675516 0.012089
90700 1.678723 1.675516 0.012081
90800 1.679351 1.675516 0.012076
90900 1.679081 1.675516 0.012068
91000 1.678174 1.675516 0.012058
91100 1.677928 1.675516 0.012050
91200 1.678171 1.675516 0.012044
91300 1.678201 1.675516 0.012038
91400 1.678716 1.675516 0.012033
91500 1.678689 1.675516 0.012027
91600 1.678687 1.675516 0.012020
91700 1.678560 1.675516 0.012013
91800 1.678721 1.675516 0.012006
91900 1.678769 1.675516 0.012001
92000 1.678774 1.675516 0.011994
92100 1.679038 1.675516 0.011988
92200 1.678892 1.675516 0.011981
92300 1.679100 1.675516 0.011975
92400 1.679483 1.675516 0.011970
92500 1.679440 1.675516 0.011964
92600 1.679081 1.675516 0.011956
92700 1.679695 1.675516 0.011951
92800 1.679330 1.675516 0.011943
92900 1.679391 1.675516 0.011936
93000 1.679866 1.675516 0.011931
93100 1.680057 1.675516 0.011926
93200 1.679701 1.675516 0.011918
93300 1.679378 1.675516 0.011909
93400 1.679332 1.675516 0.011902
93500 1.679382 1.675516 0.011897
93600 1.679452 1.675516 0.011891
93700 1.679898 1.675516 0.011886
93800 1.679756 1.675516 0.011879
93900 1.680432 1.675516 0.011876
94000 1.680429 1.675516 0.011870
94100 1.680579 1.675516 0.011863
94200 1.680739 1.675516 0.011857
94300 1.680206 1.675516 0.011849
94400 1.680458 1.675516 0.011844
94500 1.680502 1.675516 0.011839
94600 1.680375 1.675516 0.011832
94700 1.679911 1.675516 0.011824
94800 1.680168 1.675516 0.011818
94900 1.680161 1.675516 0.011812
95000 1.680834 1.675516 0.011808
95100 1.680790 1.675516 0.011802
95200 1.680767 1.675516 0.011795
95300 1.680479 1.675516 0.011788
95400 1.680782 1.675516 0.011784
95500 1.681206 1.675516 0.011780
95600 1.681105 1.675516 0.011773
95700 1.680435 1.675516 0.011765
95800 1.680613 1.675516 0.011759
95900 1.680219 1.675516 0.011752
96000 1.680285 1.675516 0.011746
96100 1.680209 1.675516 0.011740
96200 1.680934 1.675516 0.011737
96300 1.681088 1.675516 0.011731
96400 1.681032 1.675516 0.011725
96500 1.681205 1.675516 0.011720
96600 1.680825 1.675516 0.011712
96700 1.680938 1.675516 0.011707
96800 1.681267 1.675516 0.011702
96900 1.681478 1.675516 0.011698
97000 1.681969 1.675516 0.011694
97100 1.682131 1.675516 0.011689
97200 1.682200 1.675516 0.011683
97300 1.682525 1.675516 0.011678
97400 1.682501 1.675516 0.011671
97500 1.682205 1.675516 0.011664
97600 1.682018 1.675516 0.011658
97700 1.682536 1.675516 0.011653
97800 1.682002 1.675516 0.011645
97900 1.681736 1.675516 0.011638
98000 1.681486 1.675516 0.011631
98100 1.681463 1.675516 0.011625
98200 1.681372 1.675516 0.011618
98300 1.682164 1.675516 0.011615
98400 1.682253 1.675516 0.011609
98500 1.682029 1.675516 0.011603
98600 1.682085 1.675516 0.011597
98700 1.681373 1.675516 0.011588
98800 1.681068 1.675516 0.011581
98900 1.681231 1.675516 0.011575
99000 1.681253 1.675516 0.011570
99100 1.681294 1.675516 0.011564
99200 1.681359 1.675516 0.011558
99300 1.681480 1.675516 0.011553
99400 1.681759 1.675516 0.011549
99500 1.681669 1.675516 0.011542
99600 1.682432 1.675516 0.011539
99700 1.682811 1.675516 0.011535
99800 1.682694 1.675516 0.011529
99900 1.682339 1.675516 0.011522
100000 1.682501 1.675516 0.011517
