100 1.774782 1.685516 0.367481
200 1.884562 1.685516 0.269429
300 1.886408 1.685516 0.224570
400 2.001463 1.685516 0.205507
500 1.852099 1.685516 0.172955
600 1.751941 1.685516 0.153026
700 1.655468 1.685516 0.137384
800 1.672499 1.685516 0.129811
900 1.636670 1.685516 0.120529
1000 1.611342 1.685516 0.113283
1100 1.539298 1.685516 0.104941
1200 1.559502 1.685516 0.101712
1300 1.573333 1.685516 0.098034
1400 1.564741 1.685516 0.093977
1500 1.602604 1.685516 0.092486
1600 1.633608 1.685516 0.090942
1700 1.640996 1.685516 0.088499
1800 1.621201 1.685516 0.085409
1900 1.599721 1.685516 0.082489
2000 1.613129 1.685516 0.080769
2100 1.635776 1.685516 0.079493
2200 1.640253 1.685516 0.077817
2300 1.666316 1.685516 0.077050
2400 1.682863 1.685516 0.076123
2500 1.689833 1.685516 0.074761
2600 1.703009 1.685516 0.073700
2700 1.706002 1.685516 0.072461
2800 1.735135 1.685516 0.072144
2900 1.740230 1.685516 0.070798
3000 1.745383 1.685516 0.069691
3100 1.726998 1.685516 0.068175
3200 1.721432 1.685516 0.066976
3300 1.725878 1.685516 0.065993
3400 1.730353 1.685516 0.065156
3500 1.731869 1.685516 0.064242
3600 1.732893 1.685516 0.063416
3700 1.721455 1.685516 0.062347
3800 1.711812 1.685516 0.061357
3900 1.711686 1.685516 0.060543
4000 1.714524 1.685516 0.059803
4100 1.730134 1.685516 0.059340
4200 1.742348 1.685516 0.058964
4300 1.751937 1.685516 0.058341
4400 1.756223 1.685516 0.057780
4500 1.753518 1.685516 0.057096
4600 1.741890 1.685516 0.056196
4700 1.748124 1.685516 0.055719
4800 1.756453 1.685516 0.055336
4900 1.750242 1.685516 0.054581
5000 1.744024 1.685516 0.053855
5100 1.757596 1.685516 0.053556
5200 1.762241 1.685516 0.053077
5300 1.742490 1.685516 0.052259
5400 1.742249 1.685516 0.051759
5500 1.749283 1.685516 0.051416
5600 1.743863 1.685516 0.050919
5700 1.745450 1.685516 0.050497
5800 1.735107 1.685516 0.049819
5900 1.738767 1.685516 0.049466
6000 1.740308 1.685516 0.049055
6100 1.731808 1.685516 0.048586
6200 1.727869 1.685516 0.048096
6300 1.732599 1.685516 0.047806
6400 1.727990 1.685516 0.047307
6500 1.727585 1.685516 0.046930
6600 1.725165 1.685516 0.046560
6700 1.714746 1.685516 0.046042
6800 1.718864 1.685516 0.045770
6900 1.726556 1.685516 0.045558
7000 1.730711 1.685516 0.045272
7100 1.731456 1.685516 0.044937
7200 1.737930 1.685516 0.044777
7300 1.735117 1.685516 0.044429
7400 1.731094 1.685516 0.044034
7500 1.739152 1.685516 0.043882
7600 1.734882 1.685516 0.043521
7700 1.739711 1.685516 0.043350
7800 1.731341 1.685516 0.042936
7900 1.729187 1.685516 0.042641
8000 1.729515 1.685516 0.042376
8100 1.734791 1.685516 0.042153
8200 1.734267 1.685516 0.041885
8300 1.734975 1.685516 0.041675
8400 1.743375 1.685516 0.041525
8500 1.741397 1.685516 0.041235
8600 1.741570 1.685516 0.041000
8700 1.742719 1.685516 0.040796
8800 1.745511 1.685516 0.040580
8900 1.745623 1.685516 0.040373
9000 1.743828 1.685516 0.040130
9100 1.750997 1.685516 0.040019
9200 1.750408 1.685516 0.039799
9300 1.749550 1.685516 0.039578
9400 1.747722 1.685516 0.039348
9500 1.746047 1.685516 0.039082
9600 1.743605 1.685516 0.038847
9700 1.748008 1.685516 0.038708
9800 1.744909 1.685516 0.038489
9900 1.745696 1.685516 0.038284
10000 1.742362 1.685516 0.038062
10100 1.743003 1.685516 0.037861
10200 1.748523 1.685516 0.037753
10300 1.747809 1.685516 0.037567
10400 1.751547 1.685516 0.037431
10500 1.751753 1.685516 0.037245
10600 1.759605 1.685516 0.037190
10700 1.760875 1.685516 0.037041
10800 1.757503 1.685516 0.036830
10900 1.759316 1.685516 0.036699
11000 1.753752 1.685516 0.036456
11100 1.752002 1.685516 0.036276
11200 1.753262 1.685516 0.036147
11300 1.754467 1.685516 0.036003
11400 1.756459 1.685516 0.035864
11500 1.751751 1.685516 0.035638
11600 1.746126 1.685516 0.035409
11700 1.744180 1.685516 0.035256
11800 1.744678 1.685516 0.035116
11900 1.744802 1.685516 0.034966
12000 1.740499 1.685516 0.034763
12100 1.738470 1.685516 0.034583
12200 1.742899 1.685516 0.034524
12300 1.739519 1.685516 0.034331
12400 1.738614 1.685516 0.034176
12500 1.741542 1.685516 0.034082
12600 1.740616 1.685516 0.033937
12700 1.737157 1.685516 0.033745
12800 1.738815 1.685516 0.033626
12900 1.738970 1.685516 0.033486
13000 1.741763 1.685516 0.033385
13100 1.742175 1.685516 0.033254
13200 1.741315 1.685516 0.033111
13300 1.747298 1.685516 0.033073
13400 1.744883 1.685516 0.032926
13500 1.747214 1.685516 0.032823
13600 1.746756 1.685516 0.032688
13700 1.748444 1.685516 0.032592
13800 1.745717 1.685516 0.032440
13900 1.745092 1.685516 0.032321
14000 1.745936 1.685516 0.032204
14100 1.740770 1.685516 0.032029
14200 1.742179 1.685516 0.031952
14300 1.745344 1.685516 0.031873
14400 1.740332 1.685516 0.031711
14500 1.737353 1.685516 0.031573
14600 1.736270 1.685516 0.031438
14700 1.732451 1.685516 0.031302
14800 1.736588 1.685516 0.031246
14900 1.734802 1.685516 0.031122
15000 1.732887 1.685516 0.030997
15100 1.730439 1.685516 0.030866
15200 1.730783 1.685516 0.030763
15300 1.737975 1.685516 0.030745
15400 1.735919 1.685516 0.030628
15500 1.735940 1.685516 0.030523
15600 1.735487 1.685516 0.030430
15700 1.731611 1.685516 0.030295
15800 1.730385 1.685516 0.030183
15900 1.730644 1.685516 0.030089
16000 1.729374 1.685516 0.029978
16100 1.727333 1.685516 0.029864
16200 1.727291 1.685516 0.029778
16300 1.727658 1.685516 0.029685
16400 1.727841 1.685516 0.029600
16500 1.730838 1.685516 0.029534
16600 1.725758 1.685516 0.029391
16700 1.727271 1.685516 0.029314
16800 1.728306 1.685516 0.029236
16900 1.731289 1.685516 0.029189
17000 1.732343 1.685516 0.029104
17100 1.737043 1.685516 0.029060
17200 1.737270 1.685516 0.028981
17300 1.738713 1.685516 0.028916
17400 1.737034 1.685516 0.028831
17500 1.735720 1.685516 0.028735
17600 1.736865 1.685516 0.028653
17700 1.738974 1.685516 0.028593
17800 1.740246 1.685516 0.028529
17900 1.742273 1.685516 0.028463
18000 1.741568 1.685516 0.028383
18100 1.740339 1.685516 0.028287
18200 1.737587 1.685516 0.028178
18300 1.737038 1.685516 0.028100
18400 1.737280 1.685516 0.028020
18500 1.738079 1.685516 0.027950
18600 1.740957 1.685516 0.027892
18700 1.741900 1.685516 0.027824
18800 1.737793 1.685516 0.027710
18900 1.738661 1.685516 0.027646
19000 1.741047 1.685516 0.027597
19100 1.737959 1.685516 0.027496
19200 1.738280 1.685516 0.027425
19300 1.737240 1.685516 0.027344
19400 1.735633 1.685516 0.027257
19500 1.733125 1.685516 0.027168
19600 1.736282 1.685516 0.027126
19700 1.737385 1.685516 0.027073
19800 1.736068 1.685516 0.026992
19900 1.734478 1.685516 0.026904
20000 1.734841 1.685516 0.026837
20100 1.732357 1.685516 0.026748
20200 1.731282 1.685516 0.026670
20300 1.731055 1.685516 0.026598
20400 1.731643 1.685516 0.026536
20500 1.732767 1.685516 0.026485
20600 1.736018 1.685516 0.026449
20700 1.734677 1.685516 0.026374
20800 1.732825 1.685516 0.026289
20900 1.730442 1.685516 0.026210
21000 1.730996 1.685516 0.026144
21100 1.732055 1.685516 0.026087
21200 1.733393 1.685516 0.026031
21300 1.733706 1.685516 0.025980
21400 1.730577 1.685516 0.025889
21500 1.732151 1.685516 0.025855
21600 1.729802 1.685516 0.025776
21700 1.728562 1.685516 0.025699
21800 1.730626 1.685516 0.025660
21900 1.731252 1.685516 0.025611
22000 1.731821 1.685516 0.025556
22100 1.733392 1.685516 0.025503
22200 1.735475 1.685516 0.025463
22300 1.735790 1.685516 0.025407
22400 1.734662 1.685516 0.025339
22500 1.736574 1.685516 0.025297
22600 1.734440 1.685516 0.025224
22700 1.733834 1.685516 0.025167
22800 1.734543 1.685516 0.025117
22900 1.735560 1.685516 0.025074
23000 1.735795 1.685516 0.025023
23100 1.737924 1.685516 0.024996
23200 1.739168 1.685516 0.024948
23300 1.739078 1.685516 0.024890
23400 1.738316 1.685516 0.024830
23500 1.737195 1.685516 0.024762
23600 1.736835 1.685516 0.024711
23700 1.735391 1.685516 0.024642
23800 1.737163 1.685516 0.024606
23900 1.736792 1.685516 0.024555
24000 1.737326 1.685516 0.024507
24100 1.736640 1.685516 0.024453
24200 1.737582 1.685516 0.024411
24300 1.737438 1.685516 0.024359
24400 1.737154 1.685516 0.024310
24500 1.737165 1.685516 0.024261
24600 1.737061 1.685516 0.024211
24700 1.737502 1.685516 0.024157
24800 1.735371 1.685516 0.024093
24900 1.734373 1.685516 0.024037
25000 1.735742 1.685516 0.024004
25100 1.734646 1.685516 0.023940
25200 1.735805 1.685516 0.023900
25300 1.736622 1.685516 0.023862
25400 1.736532 1.685516 0.023810
25500 1.735161 1.685516 0.023751
25600 1.736643 1.685516 0.023720
25700 1.736073 1.685516 0.023671
25800 1.734666 1.685516 0.023613
25900 1.733427 1.685516 0.023556
26000 1.732637 1.685516 0.023499
26100 1.732147 1.685516 0.023451
26200 1.729449 1.685516 0.023384
26300 1.730559 1.685516 0.023345
26400 1.732246 1.685516 0.023310
26500 1.732965 1.685516 0.023267
26600 1.734857 1.685516 0.023240
26700 1.734876 1.685516 0.023195
26800 1.737227 1.685516 0.023162
26900 1.736190 1.685516 0.023111
27000 1.738363 1.685516 0.023087
27100 1.739545 1.685516 0.023054
27200 1.737265 1.685516 0.022990
27300 1.737075 1.685516 0.022941
27400 1.738954 1.685516 0.022913
27500 1.739652 1.685516 0.022877
27600 1.741839 1.685516 0.022855
27700 1.740949 1.685516 0.022810
27800 1.740239 1.685516 0.022763
27900 1.742074 1.685516 0.022740
28000 1.739410 1.685516 0.022680
28100 1.738436 1.685516 0.022630
28200 1.738885 1.685516 0.022593
28300 1.738331 1.685516 0.022546
28400 1.737885 1.685516 0.022500
28500 1.738344 1.685516 0.022470
28600 1.738197 1.685516 0.022431
28700 1.738435 1.685516 0.022392
28800 1.738075 1.685516 0.022350
28900 1.737259 1.685516 0.022305
29000 1.738533 1.685516 0.022273
29100 1.739086 1.685516 0.022241
29200 1.739846 1.685516 0.022206
29300 1.737776 1.685516 0.022152
29400 1.737947 1.685516 0.022117
29500 1.735509 1.685516 0.022061
29600 1.733938 1.685516 0.022009
29700 1.733425 1.685516 0.021969
29800 1.733447 1.685516 0.021932
29900 1.735009 1.685516 0.021910
30000 1.734932 1.685516 0.021873
30100 1.732648 1.685516 0.021827
30200 1.734342 1.685516 0.021809
30300 1.733277 1.685516 0.021763
30400 1.731097 1.685516 0.021711
30500 1.730954 1.685516 0.021674
30600 1.732259 1.685516 0.021654
30700 1.731020 1.685516 0.021610
30800 1.730716 1.685516 0.021572
30900 1.730800 1.685516 0.021532
31000 1.731345 1.685516 0.021497
31100 1.730239 1.685516 0.021454
31200 1.730676 1.685516 0.021423
31300 1.732053 1.685516 0.021395
31400 1.731089 1.685516 0.021352
31500 1.729145 1.685516 0.021303
31600 1.727551 1.685516 0.021259
31700 1.728490 1.685516 0.021236
31800 1.728395 1.685516 0.021201
31900 1.728288 1.685516 0.021167
32000 1.727401 1.685516 0.021125
32100 1.727189 1.685516 0.021087
32200 1.725504 1.685516 0.021041
32300 1.726924 1.685516 0.021020
32400 1.726766 1.685516 0.020987
32500 1.726932 1.685516 0.020959
32600 1.725740 1.685516 0.020921
32700 1.726873 1.685516 0.020897
32800 1.726039 1.685516 0.020860
32900 1.726768 1.685516 0.020831
33000 1.725237 1.685516 0.020789
33100 1.726983 1.685516 0.020773
33200 1.726716 1.685516 0.020744
33300 1.728642 1.685516 0.020729
33400 1.728936 1.685516 0.020699
33500 1.726922 1.685516 0.020650
33600 1.726527 1.685516 0.020614
33700 1.726356 1.685516 0.020581
33800 1.727358 1.685516 0.020557
33900 1.726602 1.685516 0.020520
34000 1.725802 1.685516 0.020481
34100 1.727131 1.685516 0.020457
34200 1.727305 1.685516 0.020430
34300 1.726312 1.685516 0.020392
34400 1.727394 1.685516 0.020372
34500 1.727441 1.685516 0.020345
34600 1.729138 1.685516 0.020331
34700 1.728632 1.685516 0.020301
34800 1.729064 1.685516 0.020274
34900 1.728122 1.685516 0.020238
35000 1.728438 1.685516 0.020211
35100 1.728753 1.685516 0.020185
35200 1.726825 1.685516 0.020142
35300 1.725534 1.685516 0.020103
35400 1.725810 1.685516 0.020079
35500 1.727337 1.685516 0.020066
35600 1.727650 1.685516 0.020041
35700 1.727616 1.685516 0.020013
35800 1.726787 1.685516 0.019980
35900 1.727420 1.685516 0.019952
36000 1.726524 1.685516 0.019916
36100 1.727063 1.685516 0.019893
36200 1.726273 1.685516 0.019859
36300 1.725101 1.685516 0.019822
36400 1.724080 1.685516 0.019786
36500 1.724591 1.685516 0.019762
36600 1.725264 1.685516 0.019745
36700 1.726776 1.685516 0.019732
36800 1.727421 1.685516 0.019714
36900 1.729523 1.685516 0.019700
37000 1.729707 1.685516 0.019674
37100 1.729617 1.685516 0.019646
37200 1.728446 1.685516 0.019610
37300 1.727820 1.685516 0.019577
37400 1.727895 1.685516 0.019549
37500 1.726592 1.685516 0.019514
37600 1.726602 1.685516 0.019484
37700 1.726148 1.685516 0.019454
37800 1.725501 1.685516 0.019425
37900 1.724514 1.685516 0.019394
38000 1.723884 1.685516 0.019365
38100 1.723455 1.685516 0.019338
38200 1.724739 1.685516 0.019324
38300 1.724634 1.685516 0.019299
38400 1.724229 1.685516 0.019270
38500 1.725975 1.685516 0.019256
38600 1.726376 1.685516 0.019235
38700 1.727233 1.685516 0.019215
38800 1.726797 1.685516 0.019185
38900 1.725872 1.685516 0.019155
39000 1.725110 1.685516 0.019126
39100 1.725521 1.685516 0.019104
39200 1.725790 1.685516 0.019081
39300 1.725473 1.685516 0.019058
39400 1.725840 1.685516 0.019035
39500 1.726403 1.685516 0.019013
39600 1.727721 1.685516 0.018999
39700 1.726594 1.685516 0.018967
39800 1.725639 1.685516 0.018936
39900 1.726081 1.685516 0.018919
40000 1.725940 1.685516 0.018897
40100 1.726871 1.685516 0.018876
40200 1.727232 1.685516 0.018856
40300 1.725152 1.685516 0.018820
40400 1.724904 1.685516 0.018793
40500 1.724899 1.685516 0.018772
40600 1.725119 1.685516 0.018748
40700 1.725542 1.685516 0.018725
40800 1.725660 1.685516 0.018707
40900 1.725351 1.685516 0.018680
41000 1.723994 1.685516 0.018648
41100 1.723337 1.685516 0.018621
41200 1.722347 1.685516 0.018589
41300 1.722345 1.685516 0.018568
41400 1.720260 1.685516 0.018534
41500 1.721264 1.685516 0.018519
41600 1.721577 1.685516 0.018498
41700 1.722525 1.685516 0.018480
41800 1.722314 1.685516 0.018458
41900 1.721298 1.685516 0.018432
42000 1.721684 1.685516 0.018408
42100 1.721559 1.685516 0.018384
42200 1.721330 1.685516 0.018359
42300 1.721237 1.685516 0.018337
42400 1.721073 1.685516 0.018316
42500 1.721721 1.685516 0.018301
42600 1.722893 1.685516 0.018288
42700 1.721103 1.685516 0.018256
42800 1.721116 1.685516 0.018233
42900 1.722192 1.685516 0.018217
43000 1.722438 1.685516 0.018198
43100 1.723347 1.685516 0.018183
43200 1.723748 1.685516 0.018162
43300 1.724239 1.685516 0.018145
43400 1.725199 1.685516 0.018129
43500 1.724039 1.685516 0.018100
43600 1.724687 1.685516 0.018079
43700 1.725250 1.685516 0.018063
43800 1.723824 1.685516 0.018033
43900 1.723357 1.685516 0.018009
44000 1.724074 1.685516 0.017991
44100 1.723007 1.685516 0.017966
44200 1.722378 1.685516 0.017942
44300 1.721055 1.685516 0.017916
44400 1.721548 1.685516 0.017897
44500 1.722325 1.685516 0.017880
44600 1.722522 1.685516 0.017863
44700 1.722577 1.685516 0.017841
44800 1.723498 1.685516 0.017828
44900 1.723711 1.685516 0.017807
45000 1.723764 1.685516 0.017785
45100 1.723215 1.685516 0.017763
45200 1.722480 1.685516 0.017739
45300 1.723725 1.685516 0.017730
45400 1.723861 1.685516 0.017709
45500 1.723990 1.685516 0.017691
45600 1.724650 1.685516 0.017675
45700 1.724577 1.685516 0.017656
45800 1.724182 1.685516 0.017636
45900 1.723596 1.685516 0.017610
46000 1.724557 1.685516 0.017594
46100 1.725049 1.685516 0.017579
46200 1.724605 1.685516 0.017556
46300 1.725596 1.685516 0.017544
46400 1.725727 1.685516 0.017528
46500 1.727115 1.685516 0.017518
46600 1.729508 1.685516 0.017516
46700 1.730489 1.685516 0.017502
46800 1.730261 1.685516 0.017481
46900 1.729390 1.685516 0.017458
47000 1.729253 1.685516 0.017439
47100 1.728738 1.685516 0.017414
47200 1.728776 1.685516 0.017395
47300 1.729588 1.685516 0.017381
47400 1.730096 1.685516 0.017365
47500 1.729366 1.685516 0.017343
47600 1.729780 1.685516 0.017326
47700 1.730121 1.685516 0.017310
47800 1.730906 1.685516 0.017296
47900 1.732009 1.685516 0.017284
48000 1.730920 1.685516 0.017258
48100 1.730386 1.685516 0.017237
48200 1.731083 1.685516 0.017222
48300 1.730898 1.685516 0.017202
48400 1.729954 1.685516 0.017180
48500 1.729148 1.685516 0.017156
48600 1.728352 1.685516 0.017137
48700 1.728854 1.685516 0.017122
48800 1.729763 1.685516 0.017112
48900 1.730010 1.685516 0.017096
49000 1.729328 1.685516 0.017073
49100 1.729285 1.685516 0.017055
49200 1.728834 1.685516 0.017035
49300 1.727770 1.685516 0.017011
49400 1.728258 1.685516 0.016998
49500 1.728132 1.685516 0.016982
49600 1.728055 1.685516 0.016968
49700 1.727898 1.685516 0.016949
49800 1.728401 1.685516 0.016935
49900 1.729071 1.685516 0.016923
50000 1.729598 1.685516 0.016910
50100 1.728963 1.685516 0.016892
50200 1.728758 1.685516 0.016872
50300 1.730060 1.685516 0.016863
50400 1.730475 1.685516 0.016847
50500 1.731401 1.685516 0.016835
50600 1.730844 1.685516 0.016814
50700 1.730353 1.685516 0.016794
50800 1.729547 1.685516 0.016772
50900 1.729374 1.685516 0.016754
51000 1.729684 1.685516 0.016739
51100 1.729246 1.685516 0.016721
51200 1.730602 1.685516 0.016711
51300 1.730851 1.685516 0.016693
51400 1.730385 1.685516 0.016672
51500 1.730705 1.685516 0.016659
51600 1.732096 1.685516 0.016651
51700 1.732029 1.685516 0.016635
51800 1.732439 1.685516 0.016623
51900 1.733269 1.685516 0.016610
52000 1.732532 1.685516 0.016589
52100 1.733228 1.685516 0.016579
52200 1.732835 1.685516 0.016559
52300 1.733770 1.685516 0.016546
52400 1.734421 1.685516 0.016534
52500 1.735103 1.685516 0.016519
52600 1.735330 1.685516 0.016505
52700 1.735277 1.685516 0.016490
52800 1.734703 1.685516 0.016474
52900 1.735587 1.685516 0.016463
53000 1.735656 1.685516 0.016448
53100 1.735510 1.685516 0.016430
53200 1.735125 1.685516 0.016411
53300 1.734943 1.685516 0.016394
53400 1.734297 1.685516 0.016374
53500 1.734187 1.685516 0.016358
53600 1.733804 1.685516 0.016340
53700 1.734507 1.685516 0.016329
53800 1.735303 1.685516 0.016318
53900 1.735412 1.685516 0.016304
54000 1.734810 1.685516 0.016284
54100 1.735160 1.685516 0.016272
54200 1.734861 1.685516 0.016256
54300 1.735276 1.685516 0.016244
54400 1.735576 1.685516 0.016232
54500 1.735468 1.685516 0.016218
54600 1.734910 1.685516 0.016200
54700 1.734899 1.685516 0.016187
54800 1.734754 1.685516 0.016173
54900 1.735247 1.685516 0.016162
55000 1.734979 1.685516 0.016147
55100 1.735194 1.685516 0.016133
55200 1.734831 1.685516 0.016117
55300 1.734107 1.685516 0.016099
55400 1.734342 1.685516 0.016087
55500 1.734548 1.685516 0.016076
55600 1.734480 1.685516 0.016060
55700 1.733912 1.685516 0.016044
55800 1.733596 1.685516 0.016027
55900 1.734288 1.685516 0.016016
56000 1.733914 1.685516 0.015999
56100 1.734461 1.685516 0.015988
56200 1.733337 1.685516 0.015967
56300 1.732319 1.685516 0.015947
56400 1.732030 1.685516 0.015932
56500 1.732291 1.685516 0.015922
56600 1.731335 1.685516 0.015903
56700 1.730548 1.685516 0.015883
56800 1.730782 1.685516 0.015871
56900 1.729840 1.685516 0.015851
57000 1.729554 1.685516 0.015835
57100 1.729242 1.685516 0.015818
57200 1.729186 1.685516 0.015801
57300 1.728758 1.685516 0.015785
57400 1.729372 1.685516 0.015774
57500 1.730297 1.685516 0.015766
57600 1.730215 1.685516 0.015752
57700 1.730504 1.685516 0.015742
57800 1.730120 1.685516 0.015728
57900 1.730157 1.685516 0.015713
58000 1.730789 1.685516 0.015704
58100 1.730803 1.685516 0.015691
58200 1.730593 1.685516 0.015677
58300 1.729876 1.685516 0.015661
58400 1.729896 1.685516 0.015649
58500 1.730225 1.685516 0.015638
58600 1.730312 1.685516 0.015627
58700 1.729650 1.685516 0.015610
58800 1.729338 1.685516 0.015596
58900 1.729544 1.685516 0.015583
59000 1.729981 1.685516 0.015573
59100 1.729788 1.685516 0.015557
59200 1.729790 1.685516 0.015541
59300 1.729889 1.685516 0.015527
59400 1.729902 1.685516 0.015513
59500 1.729249 1.685516 0.015496
59600 1.730043 1.685516 0.015486
59700 1.730797 1.685516 0.015476
59800 1.731492 1.685516 0.015466
59900 1.731724 1.685516 0.015456
60000 1.732241 1.685516 0.015448
60100 1.731261 1.685516 0.015429
60200 1.731347 1.685516 0.015418
60300 1.731902 1.685516 0.015407
60400 1.730721 1.685516 0.015389
60500 1.729645 1.685516 0.015369
60600 1.729842 1.685516 0.015355
60700 1.730278 1.685516 0.015344
60800 1.729572 1.685516 0.015328
60900 1.729709 1.685516 0.015317
61000 1.730003 1.685516 0.015307
61100 1.729699 1.685516 0.015293
61200 1.729522 1.685516 0.015279
61300 1.729373 1.685516 0.015265
61400 1.729677 1.685516 0.015254
61500 1.729092 1.685516 0.015238
61600 1.730263 1.685516 0.015232
61700 1.729359 1.685516 0.015215
61800 1.729183 1.685516 0.015202
61900 1.728617 1.685516 0.015185
62000 1.729091 1.685516 0.015175
62100 1.728820 1.685516 0.015160
62200 1.729106 1.685516 0.015150
62300 1.729258 1.685516 0.015139
62400 1.729147 1.685516 0.015125
62500 1.728789 1.685516 0.015110
62600 1.728967 1.685516 0.015098
62700 1.728887 1.685516 0.015088
62800 1.729242 1.685516 0.015079
62900 1.728697 1.685516 0.015063
63000 1.729076 1.685516 0.015053
63100 1.729287 1.685516 0.015041
63200 1.729328 1.685516 0.015031
63300 1.729287 1.685516 0.015018
63400 1.728945 1.685516 0.015003
63500 1.728210 1.685516 0.014988
63600 1.728353 1.685516 0.014978
63700 1.727714 1.685516 0.014964
63800 1.727647 1.685516 0.014952
63900 1.727516 1.685516 0.014940
64000 1.727272 1.685516 0.014927
64100 1.728164 1.685516 0.014918
64200 1.728580 1.685516 0.014909
64300 1.729325 1.685516 0.014901
64400 1.728992 1.685516 0.014889
64500 1.729104 1.685516 0.014878
64600 1.728945 1.685516 0.014865
64700 1.728540 1.685516 0.014851
64800 1.728949 1.685516 0.014842
64900 1.729174 1.685516 0.014828
65000 1.729255 1.685516 0.014818
65100 1.728882 1.685516 0.014804
65200 1.729109 1.685516 0.014794
65300 1.728403 1.685516 0.014779
65400 1.728068 1.685516 0.014765
65500 1.727966 1.685516 0.014752
65600 1.728257 1.685516 0.014744
65700 1.728028 1.685516 0.014731
65800 1.727658 1.685516 0.014719
65900 1.728103 1.685516 0.014710
66000 1.728052 1.685516 0.014701
66100 1.727565 1.685516 0.014687
66200 1.727230 1.685516 0.014675
66300 1.727416 1.685516 0.014663
66400 1.727322 1.685516 0.014650
66500 1.726895 1.685516 0.014637
66600 1.727519 1.685516 0.014630
66700 1.728260 1.685516 0.014623
66800 1.727989 1.685516 0.014609
66900 1.728436 1.685516 0.014600
67000 1.727155 1.685516 0.014583
67100 1.727224 1.685516 0.014572
67200 1.727037 1.685516 0.014561
67300 1.726968 1.685516 0.014549
67400 1.726561 1.685516 0.014535
67500 1.726236 1.685516 0.014522
67600 1.727131 1.685516 0.014517
67700 1.726803 1.685516 0.014504
67800 1.727131 1.685516 0.014495
67900 1.728365 1.685516 0.014493
68000 1.728436 1.685516 0.014482
68100 1.728254 1.685516 0.014471
68200 1.728306 1.685516 0.014461
68300 1.728531 1.685516 0.014451
68400 1.728518 1.685516 0.014439
68500 1.729395 1.685516 0.014434
68600 1.728982 1.685516 0.014421
68700 1.728630 1.685516 0.014411
68800 1.729085 1.685516 0.014402
68900 1.728555 1.685516 0.014389
69000 1.729027 1.685516 0.014380
69100 1.728651 1.685516 0.014368
69200 1.729176 1.685516 0.014360
69300 1.729071 1.685516 0.014350
69400 1.728022 1.685516 0.014334
69500 1.728080 1.685516 0.014325
69600 1.728051 1.685516 0.014313
69700 1.728561 1.685516 0.014307
69800 1.729966 1.685516 0.014303
69900 1.729520 1.685516 0.014292
70000 1.730499 1.685516 0.014288
70100 1.730394 1.685516 0.014278
70200 1.730602 1.685516 0.014268
70300 1.730587 1.685516 0.014257
70400 1.730314 1.685516 0.014247
70500 1.730086 1.685516 0.014234
70600 1.730063 1.685516 0.014223
70700 1.730338 1.685516 0.014216
70800 1.730023 1.685516 0.014204
70900 1.729734 1.685516 0.014192
71000 1.730274 1.685516 0.014185
71100 1.730900 1.685516 0.014178
71200 1.732130 1.685516 0.014174
71300 1.731896 1.685516 0.014164
71400 1.731021 1.685516 0.014150
71500 1.730718 1.685516 0.014139
71600 1.730039 1.685516 0.014126
71700 1.730160 1.685516 0.014116
71800 1.730398 1.685516 0.014108
71900 1.730523 1.685516 0.014099
72000 1.730634 1.685516 0.014090
72100 1.730797 1.685516 0.014081
72200 1.730869 1.685516 0.014072
72300 1.730467 1.685516 0.014060
72400 1.730198 1.685516 0.014049
72500 1.730190 1.685516 0.014038
72600 1.729716 1.685516 0.014026
72700 1.730344 1.685516 0.014019
72800 1.730077 1.685516 0.014008
72900 1.729933 1.685516 0.013997
73000 1.729294 1.685516 0.013985
73100 1.728935 1.685516 0.013974
73200 1.729179 1.685516 0.013966
73300 1.728667 1.685516 0.013956
73400 1.728438 1.685516 0.013946
73500 1.727627 1.685516 0.013932
73600 1.727705 1.685516 0.013923
73700 1.727695 1.685516 0.013913
73800 1.727592 1.685516 0.013903
73900 1.727061 1.685516 0.013891
74000 1.727562 1.685516 0.013884
74100 1.728574 1.685516 0.013880
74200 1.728691 1.685516 0.013871
74300 1.728201 1.685516 0.013860
74400 1.728318 1.685516 0.013852
74500 1.729482 1.685516 0.013847
74600 1.729937 1.685516 0.013839
74700 1.730147 1.685516 0.013832
74800 1.730809 1.685516 0.013826
74900 1.730884 1.685516 0.013816
75000 1.730871 1.685516 0.013806
75100 1.731327 1.685516 0.013799
75200 1.730117 1.685516 0.013784
75300 1.729848 1.685516 0.013774
75400 1.730658 1.685516 0.013768
75500 1.730369 1.685516 0.013757
75600 1.730534 1.685516 0.013749
75700 1.729426 1.685516 0.013734
75800 1.728847 1.685516 0.013723
75900 1.728656 1.685516 0.013714
76000 1.729124 1.685516 0.013707
76100 1.729251 1.685516 0.013698
76200 1.729233 1.685516 0.013687
76300 1.729196 1.685516 0.013679
76400 1.729134 1.685516 0.013670
76500 1.728870 1.685516 0.013660
76600 1.728465 1.685516 0.013649
76700 1.728753 1.685516 0.013641
76800 1.729204 1.685516 0.013634
76900 1.729269 1.685516 0.013625
77000 1.729502 1.685516 0.013616
77100 1.728824 1.685516 0.013604
77200 1.728695 1.685516 0.013593
77300 1.728871 1.685516 0.013586
77400 1.729377 1.685516 0.013579
77500 1.729405 1.685516 0.013571
77600 1.729866 1.685516 0.013565
77700 1.730171 1.685516 0.013557
77800 1.730079 1.685516 0.013547
77900 1.729563 1.685516 0.013536
78000 1.729559 1.685516 0.013528
78100 1.729196 1.685516 0.013518
78200 1.729136 1.685516 0.013508
78300 1.728834 1.685516 0.013498
78400 1.729440 1.685516 0.013493
78500 1.729364 1.685516 0.013484
78600 1.729242 1.685516 0.013474
78700 1.729010 1.685516 0.013463
78800 1.728702 1.685516 0.013454
78900 1.728420 1.685516 0.013443
79000 1.727864 1.685516 0.013432
79100 1.727265 1.685516 0.013420
79200 1.726932 1.685516 0.013410
79300 1.727451 1.685516 0.013404
79400 1.727799 1.685516 0.013397
79500 1.727494 1.685516 0.013386
79600 1.726536 1.685516 0.013373
79700 1.726331 1.685516 0.013363
79800 1.725953 1.685516 0.013353
79900 1.725537 1.685516 0.013342
80000 1.725453 1.685516 0.013333
80100 1.724972 1.685516 0.013323
80200 1.724602 1.685516 0.013313
80300 1.723639 1.685516 0.013300
80400 1.723694 1.685516 0.013293
80500 1.724426 1.685516 0.013289
80600 1.724137 1.685516 0.013279
80700 1.724863 1.685516 0.013273
80800 1.725281 1.685516 0.013268
80900 1.726180 1.685516 0.013263
81000 1.725701 1.685516 0.013253
81100 1.726975 1.685516 0.013251
81200 1.726608 1.685516 0.013241
81300 1.727573 1.685516 0.013237
81400 1.728158 1.685516 0.013231
81500 1.727734 1.685516 0.013220
81600 1.727721 1.685516 0.013212
81700 1.727888 1.685516 0.013205
81800 1.727963 1.685516 0.013198
81900 1.728557 1.685516 0.013193
82000 1.729019 1.685516 0.013188
82100 1.729077 1.685516 0.013181
82200 1.728604 1.685516 0.013171
82300 1.728968 1.685516 0.013164
82400 1.728654 1.685516 0.013155
82500 1.728595 1.685516 0.013147
82600 1.728611 1.685516 0.013139
82700 1.727910 1.685516 0.013128
82800 1.727629 1.685516 0.013119
82900 1.727636 1.685516 0.013110
83000 1.727799 1.685516 0.013102
83100 1.727941 1.685516 0.013094
83200 1.727537 1.685516 0.013083
83300 1.727851 1.685516 0.013077
83400 1.728321 1.685516 0.013071
83500 1.728085 1.685516 0.013062
83600 1.728020 1.685516 0.013054
83700 1.727672 1.685516 0.013044
83800 1.727292 1.685516 0.013034
83900 1.727132 1.685516 0.013025
84000 1.726336 1.685516 0.013014
84100 1.726745 1.685516 0.013008
84200 1.726706 1.685516 0.012998
84300 1.726095 1.685516 0.012987
84400 1.725667 1.685516 0.012978
84500 1.725206 1.685516 0.012970
84600 1.725275 1.685516 0.012963
84700 1.725167 1.685516 0.012955
84800 1.725483 1.685516 0.012950
84900 1.725891 1.685516 0.012945
85000 1.725538 1.685516 0.012935
85100 1.725790 1.685516 0.012929
85200 1.725696 1.685516 0.012921
85300 1.726274 1.685516 0.012916
85400 1.725853 1.685516 0.012907
85500 1.726090 1.685516 0.012900
85600 1.725413 1.685516 0.012890
85700 1.725341 1.685516 0.012881
85800 1.724635 1.685516 0.012870
85900 1.724447 1.685516 0.012861
86000 1.723841 1.685516 0.012851
86100 1.723621 1.685516 0.012842
86200 1.723613 1.685516 0.012835
86300 1.723709 1.685516 0.012829
86400 1.724054 1.685516 0.012824
86500 1.723994 1.685516 0.012816
86600 1.723346 1.685516 0.012806
86700 1.723266 1.685516 0.012799
86800 1.723337 1.685516 0.012792
86900 1.723444 1.685516 0.012785
87000 1.723775 1.685516 0.012780
87100 1.723127 1.685516 0.012770
87200 1.722969 1.685516 0.012762
87300 1.723343 1.685516 0.012757
87400 1.723635 1.685516 0.012751
87500 1.723449 1.685516 0.012743
87600 1.723657 1.685516 0.012737
87700 1.723093 1.685516 0.012728
87800 1.722693 1.685516 0.012719
87900 1.723287 1.685516 0.012714
88000 1.723689 1.685516 0.012708
88100 1.723569 1.685516 0.012701
88200 1.722867 1.685516 0.012691
88300 1.722914 1.685516 0.012685
88400 1.722656 1.685516 0.012677
88500 1.722441 1.685516 0.012668
88600 1.722198 1.685516 0.012660
88700 1.721307 1.685516 0.012649
88800 1.721581 1.685516 0.012643
88900 1.721103 1.685516 0.012636
89000 1.721291 1.685516 0.012628
89100 1.721047 1.685516 0.012620
89200 1.721019 1.685516 0.012614
89300 1.720299 1.685516 0.012603
89400 1.720144 1.685516 0.012595
89500 1.719451 1.685516 0.012586
89600 1.720160 1.685516 0.012581
89700 1.719970 1.685516 0.012574
89800 1.720416 1.685516 0.012569
89900 1.720974 1.685516 0.012565
90000 1.721395 1.685516 0.012561
90100 1.721273 1.685516 0.012553
90200 1.720585 1.685516 0.012543
90300 1.720562 1.685516 0.012536
90400 1.720401 1.685516 0.012528
90500 1.720627 1.685516 0.012523
90600 1.720800 1.685516 0.012516
90700 1.720461 1.685516 0.012507
90800 1.721227 1.685516 0.012503
90900 1.720948 1.685516 0.012494
91000 1.720025 1.685516 0.012484
91100 1.719678 1.685516 0.012475
91200 1.719879 1.685516 0.012469
91300 1.719961 1.685516 0.012463
91400 1.720441 1.685516 0.012458
91500 1.720431 1.685516 0.012451
91600 1.720386 1.685516 0.012444
91700 1.720256 1.685516 0.012437
91800 1.720374 1.685516 0.012430
91900 1.720435 1.685516 0.012424
92000 1.720406 1.685516 0.012417
92100 1.720655 1.685516 0.012411
92200 1.720580 1.685516 0.012403
92300 1.720844 1.685516 0.012398
92400 1.721343 1.685516 0.012392
92500 1.721210 1.685516 0.012386
92600 1.720807 1.685516 0.012377
92700 1.721383 1.685516 0.012372
92800 1.721081 1.685516 0.012364
92900 1.721311 1.685516 0.012359
93000 1.721832 1.685516 0.012354
93100 1.721992 1.685516 0.012348
93200 1.721642 1.685516 0.012340
93300 1.721294 1.685516 0.012331
93400 1.721232 1.685516 0.012324
93500 1.721194 1.685516 0.012317
93600 1.721271 1.685516 0.012311
93700 1.721676 1.685516 0.012306
93800 1.721553 1.685516 0.012299
93900 1.722088 1.685516 0.012295
94000 1.722164 1.685516 0.012289
94100 1.722356 1.685516 0.012283
94200 1.722509 1.685516 0.012277
94300 1.722055 1.685516 0.012269
94400 1.722224 1.685516 0.012263
94500 1.722334 1.685516 0.012258
94600 1.722181 1.685516 0.012250
94700 1.721672 1.685516 0.012242
94800 1.721997 1.685516 0.012236
94900 1.721839 1.685516 0.012228
95000 1.722432 1.685516 0.012223
95100 1.722415 1.685516 0.012217
95200 1.722480 1.685516 0.012210
95300 1.722232 1.685516 0.012203
95400 1.722572 1.685516 0.012199
95500 1.723149 1.685516 0.012197
95600 1.723041 1.685516 0.012190
95700 1.722282 1.685516 0.012181
95800 1.722476 1.685516 0.012175
95900 1.721980 1.685516 0.012167
96000 1.722026 1.685516 0.012161
96100 1.721954 1.685516 0.012154
96200 1.722674 1.685516 0.012151
96300 1.722792 1.685516 0.012145
96400 1.722762 1.685516 0.012139
96500 1.723039 1.685516 0.012134
96600 1.722622 1.685516 0.012126
96700 1.722679 1.685516 0.012120
96800 1.722974 1.685516 0.012115
96900 1.723326 1.685516 0.012111
97000 1.723849 1.685516 0.012108
97100 1.724094 1.685516 0.012103
97200 1.724221 1.685516 0.012097
97300 1.724487 1.685516 0.012092
97400 1.724478 1.685516 0.012085
97500 1.724094 1.685516 0.012077
97600 1.723827 1.685516 0.012070
97700 1.724477 1.685516 0.012066
97800 1.723930 1.685516 0.012057
97900 1.723728 1.685516 0.012050
98000 1.723508 1.685516 0.012043
98100 1.723547 1.685516 0.012037
98200 1.723450 1.685516 0.012031
98300 1.724286 1.685516 0.012028
98400 1.724431 1.685516 0.012022
98500 1.724094 1.685516 0.012015
98600 1.724115 1.685516 0.012008
98700 1.723372 1.685516 0.011999
98800 1.723078 1.685516 0.011991
98900 1.723243 1.685516 0.011986
99000 1.723368 1.685516 0.011980
99100 1.723463 1.685516 0.011975
99200 1.723543 1.685516 0.011969
99300 1.723631 1.685516 0.011963
99400 1.723684 1.685516 0.011957
99500 1.723580 1.685516 0.011950
99600 1.724255 1.685516 0.011947
99700 1.724665 1.685516 0.011943
99800 1.724492 1.685516 0.011936
99900 1.724050 1.685516 0.011928
100000 1.724177 1.685516 0.011922
