1 0.439396 0.779584
2 0.864570 0.758953
3 1.261888 1.544987
4 1.618865 1.917305
5 1.924678 2.336326
6 2.170597 1.868148
7 2.350326 2.185548
8 2.460235 2.728465
9 2.499473 2.277247
10 2.469951 2.523921
11 2.376215 2.353612
12 2.225193 2.354064
13 2.025842 1.890626
14 1.788718 1.802119
15 1.525470 1.977700
16 1.248303 1.664498
17 0.969419 1.105131
18 0.700477 0.917774
19 0.452080 0.093683
20 0.233335 0.340304
21 0.051476 -0.432224
22 -0.088398 -0.345512
23 -0.183493 -0.546262
24 -0.233368 0.070809
25 -0.239867 -0.583188
26 -0.206952 -0.306008
27 -0.140423 -0.510633
28 -0.047566 -0.438757
29 0.063275 0.562199
30 0.183157 -0.098586
31 0.303030 0.315962
32 0.414214 0.753326
33 0.508850 0.621490
34 0.580303 0.376335
35 0.623488 0.761040
36 0.635112 0.659399
37 0.613818 0.607401
38 0.560225 1.033000
39 0.476857 0.269374
40 0.367977 0.639335
41 0.239326 0.266071
42 0.097782 0.367695
43 -0.049038 -0.148810
44 -0.193211 0.198318
45 -0.326970 -0.543655
46 -0.443143 -0.590684
47 -0.535567 -0.227843
48 -0.599456 -0.180430
49 -0.631681 -1.061926
50 -0.630977 -0.181650
51 -0.598040 -0.572045
52 -0.535529 -0.949473
53 -0.447954 -0.755740
54 -0.341465 -0.178238
55 -0.223556 0.166676
56 -0.102681 -0.253788
57 0.012183 -0.423645
58 0.112001 -0.367976
59 0.188177 0.145879
60 0.233023 -0.203881
61 0.240199 -0.021521
62 0.205097 0.675731
63 0.125142 0.527350
64 -0.000000 0.350920
65 -0.168319 -0.401653
66 -0.375472 -0.335712
67 -0.614911 -0.739704
68 -0.878118 -0.617869
69 -1.154941 -1.142406
70 -1.434020 -1.266296
71 -1.703274 -1.671668
72 -1.950440 -2.411160
73 -2.163619 -2.225981
74 -2.331836 -1.900000
75 -2.445544 -2.014735
76 -2.497100 -2.276147
77 -2.481128 -2.696835
78 -2.394819 -2.156285
79 -2.238096 -2.098117
80 -2.013669 -2.159621
81 -1.726966 -1.539104
82 -1.385936 -1.719962
83 -1.000749 -1.060645
84 -0.583392 -0.203317
85 -0.147173 0.182028
86 0.293817 0.124154
87 0.725285 0.454253
88 1.133345 1.526717
89 1.505063 1.355423
90 1.829012 2.015682
91 2.095721 2.552190
92 2.298051 2.386692
93 2.431467 2.588771
94 2.494184 2.852860
95 2.487203 2.426763
96 2.414214 2.838184
97 2.281383 2.179820
98 2.097037 2.411804
99 1.871253 2.055471
100 1.615374 2.026346
101 1.341479 1.323969
102 1.061833 0.777658
103 0.788338 1.238591
104 0.531999 0.952127
105 0.302467 -0.049873
106 0.107636 0.488698
107 -0.046660 0.094420
108 -0.156846 -0.224893
109 -0.221699 -0.102103
110 -0.242317 -0.461257
111 -0.221979 0.064023
112 -0.165912 -0.358454
113 -0.080946 -0.133912
114 0.024876 -0.249017
115 0.142753 -0.169714
116 0.263622 0.039856
117 0.378625 0.435068
118 0.479582 0.396083
119 0.559410 0.229017
120 0.612476 1.019280
121 0.634869 0.238040
122 0.624576 0.250651
123 0.581560 0.577004
124 0.507725 0.768201
125 0.406778 0.891530
126 0.284001 0.719005
127 0.145936 0.330381
128 -0.000000 -0.116812
129 -0.145936 0.103835
130 -0.284000 -0.415336
131 -0.406777 -0.612617
132 -0.507725 -0.775464
133 -0.581560 -0.497072
134 -0.624576 -0.880163
135 -0.634868 -0.982479
136 -0.612476 -0.380328
137 -0.559410 -0.933935
138 -0.479582 -0.186111
139 -0.378625 -0.714523
140 -0.263623 -0.018551
141 -0.142753 -0.568223
142 -0.024876 0.425228
143 0.080945 -0.366526
144 0.165910 0.187474
145 0.221977 -0.101812
146 0.242317 -0.017621
147 0.221699 0.519497
148 0.156845 0.389500
149 0.046658 0.203222
150 -0.107636 0.359770
151 -0.302467 -0.163008
152 -0.531999 -0.272265
153 -0.788339 -1.194859
154 -1.061836 -1.426934
155 -1.341481 -1.321271
156 -1.615372 -2.037140
157 -1.871253 -2.301346
158 -2.097038 -2.392382
159 -2.281383 -2.319963
160 -2.414214 -2.094537
161 -2.487204 -2.413885
162 -2.494183 -2.238602
163 -2.431465 -2.879526
164 -2.298051 -2.640244
165 -2.095720 -1.595727
166 -1.829010 -2.124682
167 -1.505060 -1.115104
168 -1.133343 -1.507875
169 -0.725287 -0.227488
170 -0.293815 -0.739757
171 0.147175 0.517715
172 0.583395 0.155724
173 1.000751 0.504912
174 1.385935 1.809004
175 1.726966 1.820858
176 2.013671 1.694043
177 2.238098 1.901230
178 2.394819 2.286510
179 2.481128 2.894155
180 2.497101 2.816796
181 2.445546 2.304641
182 2.331836 2.384321
183 2.163619 2.243049
184 1.950439 1.903014
185 1.703273 1.890660
186 1.434021 1.033661
187 1.154941 1.185749
188 0.878117 1.135411
189 0.614910 0.419205
190 0.375471 0.867699
191 0.168317 0.245288
192 -0.000000 0.377614
193 -0.125143 0.122666
194 -0.205099 -0.076189
195 -0.240201 -0.704780
196 -0.233024 0.014779
197 -0.188177 0.145062
198 -0.112000 0.313377
199 -0.012185 0.361086
200 0.102679 0.433716
201 0.223557 0.702991
202 0.341466 0.585277
203 0.447955 0.851321
204 0.535530 1.019126
205 0.598040 0.764920
206 0.630977 0.628235
207 0.631682 0.295650
208 0.599456 0.929468
209 0.535567 0.924516
210 0.443141 0.020136
211 0.326972 0.476679
212 0.193213 -0.058743
213 0.049039 0.178519
214 -0.097781 -0.368644
215 -0.239327 -0.038707
216 -0.367978 -0.551111
217 -0.476856 -0.648079
218 -0.560225 -0.828797
219 -0.613818 -1.039657
220 -0.635112 -0.502040
221 -0.623488 -0.899831
222 -0.580303 -0.429171
223 -0.508851 -0.498165
224 -0.414215 0.057251
225 -0.303031 -0.522989
226 -0.183158 -0.137051
227 -0.063274 0.155995
228 0.047567 -0.339152
229 0.140421 0.111905
230 0.206951 0.299490
231 0.239866 0.684184
232 0.233366 0.184284
233 0.183492 0.019843
234 0.088396 0.436080
235 -0.051479 -0.116965
236 -0.233334 -0.730102
237 -0.452080 -0.607137
238 -0.700477 -0.601996
239 -0.969420 -0.636177
240 -1.248305 -1.514413
241 -1.525469 -1.349993
242 -1.788717 -1.805767
243 -2.025841 -2.043906
244 -2.225192 -2.420237
245 -2.376216 -2.164129
246 -2.469952 -2.787397
247 -2.499472 -2.377649
248 -2.460234 -2.919370
249 -2.350325 -2.436341
250 -2.170595 -1.974611
251 -1.924676 -1.750739
252 -1.618862 -1.481221
253 -1.261886 -1.414770
254 -0.864572 -1.179950
255 -0.439397 -0.330291
256 0.000000 0.127158
